[player1_keyset]
up = 84
down = 85
left = 82
right = 83
fire = 75
zapper = 67
jump = 64

[player1_joyset]
up = 0  0  0  0  0  0
down = 0  0  0  0  0  0
left = 0  0  0  0  0  0
right = 0  0  0  0  0  0
fire = 0  0  0  0  0  0
zapper = 0  0  0  0  0  0
jump = 0  0  0  0  0  0
start = 0  0  0  0  0  0

[display]
fixed_res = 1
xres = 1920
yres = 1080
xvp = 1920
yvp = 1080
zbuf = 24
cbuf = 32
aa = 1
accel = 1
fs = 1
weblines = 1
stars = 2
dotscale = 2.057143
linewidth = 2.057143
moving_camera = 1
rotating_camera = 0
flash = 1
gradient = 1
mipmap = 0
web_detail = 3
details = 1
pos_z = -6.000000
webalpha = 1.200000
glowalpha = 0.600000
fov = 60.000000
aspect = 1.000000

[sound]
music = 1
music_channels = 1
music_volume = 2.000000
fx_volume = 1.000000
speech_volume = 1.000000
speech = 2

[control]
accelerated_movement = 0
autofire = 0
mouse_sensitivity = 20.000000
mouse_invert = 0

[game]
dir = typhoon 2001
scoring = 0
