[info]
name = skull
author = kufi

[start]
x = 0.000000
y = 2.400000

[flags]
closed = 0
control_inverted = 0
camheight = 0.600000
mode = 1.000000

[color]
r1 = 1.000000
g1 = 0.000000
b1 = 1.000000
r2 = 0.000000
g2 = 1.000000
b2 = 0.000000
r3 = 0
g3 = 1
b3 = 0
r4 = 1
g4 = 0
b4 = 1

[web]
p0 = 290
p1 = 290
p2 = 290
p3 = 290
p4 = 345
p5 = 345
p6 = 345
p7 = 345
p8 = 15
p9 = 15
p10 = 15
p11 = 15
p12 = 70
p13 = 70
p14 = 70
p15 = 70
p16 = -9999
p17 = 240
p18 = -9999
i0 = 0
i1 = 0
i2 = 0
i3 = 0
i4 = 0
i5 = 0
i6 = 0
i7 = 0
i8 = 0
i9 = 0
i10 = 0
i11 = 0
i12 = 0
i13 = 0
i14 = 0
i15 = 0
x0 = -1.000000
y0 = 0.000000
x1 = -1.000000
y1 = -0.500000
x2 = -1.000000
y2 = -0.500000
x3 = 0.000000
y3 = -1.250000
x4 = 1.000000
y4 = -0.500000
x5 = 1.000000
y5 = -0.500000
x6 = 0.500000
y6 = -1.500000
x7 = 1.000000
y7 = 0.000000
x8 = 0.500000
y8 = 1.500000
x9 = 1.000000
y9 = 0.500000
x10 = 1.000000
y10 = 0.500000
x11 = 0.000000
y11 = 1.250000
x12 = -1.000000
y12 = 0.500000
x13 = -1.000000
y13 = 0.500000
x14 = -1.000000
y14 = 0.000000
x15 = -9999.000000
y15 = -9999.000000
x16 = -9999.000000
y16 = -9999.000000
