[info]
name = spiral
author = kufi

[start]
x = -0.500000
y = -0.750000

[flags]
closed = 0
control_inverted = 0
camheight = 0.700000
mode = 1.000000

[color]
r1 = 1.000000
g1 = 0.000000
b1 = 0.600000
r2 = 0.000000
g2 = 1.000000
b2 = 0.000000

[web]
p0 = 270
p1 = 270
p2 = 270
p3 = 315
p4 = 315
p5 = 315
p6 = 315
p7 = 315
p8 = 0
p9 = 0
p10 = 0
p11 = 90
p12 = 90
p13 = 90
p14 = 135
p15 = 135
p16 = 135
p17 = 135
p18 = 135
p19 = 180
p20 = 180
p21 = 180
p22 = -9999
i0 = 0
i1 = 0
i2 = 0
i3 = 0
i4 = 0
i5 = 0
i6 = 0
i7 = 0
i8 = 0
i9 = 0
i10 = 0
i11 = 0
i12 = 0
i13 = 0
i14 = 0
i15 = 0
i16 = 0
i17 = 0
i18 = 0
i19 = 0
i20 = 0
i21 = 0
x0 = 1.250000
y0 = 0.500000
x1 = -0.500000
y1 = 1.250000
x2 = -1.250000
y2 = -0.500000
x3 = -1.250000
y3 = -0.500000
x4 = 0.500000
y4 = -1.250000
x5 = 0.500000
y5 = -1.250000
x6 = 1.250000
y6 = 0.500000
x7 = 1.250000
y7 = 0.500000
x8 = 1.250000
y8 = 0.500000
x9 = -0.500000
y9 = 1.250000
x10 = -0.500000
y10 = 1.250000
x11 = -0.500000
y11 = 1.250000
x12 = -1.250000
y12 = -0.500000
x13 = -1.250000
y13 = -0.500000
x14 = -1.250000
y14 = -0.500000
x15 = -9999.000000
y15 = -9999.000000
x16 = -9999.000000
y16 = -9999.000000
