[info]
name = roof
author = kufi

[start]
x = -5.250000
y = -2.500000

[flags]
closed = 0
control_inverted = 0
camheight = 1.200000
mode = 1.000000

[color]
r1 = 1.000000
g1 = 1.000000
b1 = 0.750000
r2 = 1.000000
g2 = 0.000000
b2 = 0.000000

[web]
p0 = 270
p1 = 270
p2 = 270
p3 = 270
p4 = 315
p5 = 0
p6 = 0
p7 = 0
p8 = 0
p9 = 0
p10 = 45
p11 = 90
p12 = 90
p13 = 90
p14 = 90
p15 = -9999
p16 = -9999
p17 = 105
p18 = 115
p19 = 135
p20 = 150
p21 = 160
p22 = 175
p23 = 180
p24 = 180
p25 = -9999
i0 = 0
i1 = 0
i2 = 0
i3 = 0
i4 = 0
i5 = 0
i6 = 0
i7 = 0
i8 = 0
i9 = 0
i10 = 0
i11 = 0
i12 = 0
i13 = 0
i14 = 0
i15 = 0
x0 = 0.750000
y0 = 0.500000
x1 = 0.750000
y1 = -0.500000
x2 = 0.750000
y2 = 0.500000
x3 = 0.750000
y3 = -0.500000
x4 = 0.750000
y4 = 0.500000
x5 = 0.750000
y5 = -0.500000
x6 = 0.750000
y6 = 0.500000
x7 = 0.000000
y7 = -1.000000
x8 = 0.750000
y8 = 0.500000
x9 = 0.750000
y9 = -0.500000
x10 = 0.750000
y10 = 0.500000
x11 = 0.750000
y11 = -0.500000
x12 = 0.750000
y12 = 0.500000
x13 = 0.750000
y13 = -0.500000
x14 = 0.750000
y14 = 0.500000
x15 = -9999.000000
y15 = -9999.000000
