[info]
name = star
author = KUFI

[start]
x = 0.000000
y = -1.750000

[flags]
closed = 1
control_inverted = 0
camheight = 0.900000
mode = 1.000000

[color]
r1 = 1.000000
g1 = 0.000000
b1 = 0.500000
r2 = 0.000000
g2 = 1.000000
b2 = 0.000000

[web]
p0 = 215
p1 = 215
p2 = 300
p3 = 300
p4 = 15
p5 = 15
p6 = 15
p7 = 15
p8 = 15
p9 = 100
p10 = 100
p11 = 100
p12 = 100
p13 = 165
p14 = 165
p15 = 165
p16 = 165
p17 = -9999
p18 = -9999
i0 = 0
i1 = 0
i2 = 0
i3 = 0
i4 = 0
i5 = 0
i6 = 0
i7 = 0
i8 = 0
i9 = 0
i10 = 0
i11 = 0
i12 = 0
i13 = 0
i14 = 0
i15 = 0
i16 = 0
x0 = 1.000000
y0 = -0.500000
x1 = 0.000000
y1 = 1.250000
x2 = 1.250000
y2 = 0.000000
x3 = -0.500000
y3 = 1.000000
x4 = 0.500000
y4 = 1.000000
x5 = -1.250000
y5 = 0.000000
x6 = 0.000000
y6 = 1.250000
x7 = -1.000000
y7 = -0.500000
x8 = -1.000000
y8 = 0.500000
x9 = 0.000000
y9 = -1.250000
x10 = -1.250000
y10 = 0.000000
x11 = 0.500000
y11 = -1.000000
x12 = -0.500000
y12 = -1.000000
x13 = 1.250000
y13 = 0.000000
x14 = 0.000000
y14 = -1.250000
x15 = 1.000000
y15 = 0.500000
x16 = -9999.000000
y16 = -9999.000000
