[info]
name = alley
author = kufi

[start]
x = -6.000000
y = -0.750000

[flags]
closed = 0
control_inverted = 0
camheight = 1.000000
mode = 1.000000

[color]
r1 = 1.000000
g1 = 0.650000
b1 = 0.150000
r2 = 0.550000
g2 = 0.250000
b2 = 1.000000

[web]
p0 = 0
p1 = 60
p2 = 60
p3 = 60
p4 = 60
p5 = 120
p6 = 120
p7 = 120
p8 = 120
p9 = 180
p10 = 180
p11 = 240
p12 = 240
p13 = 240
p14 = 240
p15 = 300
p16 = 300
p17 = 300
p18 = 300
p19 = 360
p20 = -9999
i0 = 0
i1 = 0
i2 = 0
i3 = 0
i4 = 0
i5 = 0
i6 = 0
i7 = 0
i8 = 0
i9 = 0
i10 = 0
i11 = 0
i12 = 0
i13 = 0
i14 = 0
i15 = 0
i16 = 0
i17 = 0
i18 = 0
i19 = 0
x0 = 0.750000
y0 = 0.500000
x1 = 0.750000
y1 = 0.000000
x2 = 0.750000
y2 = -0.500000
x3 = 0.750000
y3 = -1.000000
x4 = 0.500000
y4 = -1.000000
x5 = 1.000000
y5 = 0.000000
x6 = 1.000000
y6 = 0.000000
x7 = 1.000000
y7 = 0.000000
x8 = 1.000000
y8 = 0.000000
x9 = 1.000000
y9 = 0.000000
x10 = 0.500000
y10 = 1.000000
x11 = 0.750000
y11 = 1.000000
x12 = 0.750000
y12 = 0.500000
x13 = 0.750000
y13 = 0.000000
x14 = 0.750000
y14 = -0.500000
x15 = -9999.000000
y15 = -9999.000000
