[info]
name = demon
author = KUFI

[start]
x = -3.500000
y = 2.000000

[flags]
closed = 0
control_inverted = 0
camheight = 1.500000
mode = 1.000000

[color]
r1 = 0.000000
g1 = 1.000000
b1 = 1.000000
r2 = 1.000000
g2 = 0.000000
b2 = 0.000000

[web]
p0 = 270
p1 = 270
p2 = 270
p3 = 270
p4 = 270
p5 = 300
p6 = 330
p7 = 360
p8 = 25
p9 = 25
p10 = 25
p11 = 25
p12 = 25
p13 = 25
p14 = 25
p15 = 25
p16 = 25
p17 = 25
p18 = 25
p19 = 45
p20 = 90
p21 = -9999
i0 = 0
i1 = 0
i2 = 0
i3 = 0
i4 = 0
i5 = 0
i6 = 0
i7 = 0
i8 = 0
i9 = 0
i10 = 0
i11 = 0
i12 = 0
i13 = 0
i14 = 0
i15 = 0
i16 = 0
i17 = 0
i18 = 0
i19 = 0
i20 = 0
x0 = 0.500000
y0 = -1.250000
x1 = -0.750000
y1 = -1.000000
x2 = 0.750000
y2 = -0.500000
x3 = 0.000000
y3 = -1.250000
x4 = 1.000000
y4 = 0.500000
x5 = 1.000000
y5 = -1.250000
x6 = 0.500000
y6 = 1.250000
x7 = 1.000000
y7 = 0.000000
x8 = 0.500000
y8 = -1.250000
x9 = 1.000000
y9 = 1.250000
x10 = 1.000000
y10 = -0.500000
x11 = 0.000000
y11 = 1.250000
x12 = 0.750000
y12 = 0.500000
x13 = -0.750000
y13 = 1.000000
x14 = 0.500000
y14 = 1.250000
x15 = -9999.000000
y15 = -9999.000000
