[info]
name = triple loop
author = Kufi

[start]
x = -0.750000
y = -1.250000

[flags]
closed = 1
control_inverted = 0
camheight = 1.200000
mode = 1.000000

[color]
r1 = 1.000000
g1 = 0.000000
b1 = 0.350000
r2 = 0.000000
g2 = 0.000000
b2 = 1.000000

[web]
p0 = 315
p1 = 315
p2 = 315
p3 = 315
p4 = 0
p5 = 45
p6 = 45
p7 = 45
p8 = 45
p9 = 90
p10 = 135
p11 = 135
p12 = 135
p13 = 135
p14 = 180
p15 = 225
p16 = 225
p17 = 225
p18 = 225
p19 = 270
p20 = -9999
i0 = 0
i1 = 0
i2 = 0
i3 = 0
i4 = 0
i5 = 0
i6 = 0
i7 = 0
i8 = 0
i9 = 0
i10 = 0
i11 = 0
i12 = 0
i13 = 0
i14 = 0
i15 = 0
i16 = 0
i17 = 0
i18 = 0
i19 = 0
x0 = 1.250000
y0 = 0.000000
x1 = 0.750000
y1 = 1.250000
x2 = 0.750000
y2 = 1.250000
x3 = 1.250000
y3 = -0.750000
x4 = 0.000000
y4 = -1.000000
x5 = -1.250000
y5 = -0.750000
x6 = -0.750000
y6 = 1.250000
x7 = -0.750000
y7 = 1.250000
x8 = -1.250000
y8 = 0.000000
x9 = -0.750000
y9 = -1.250000
x10 = -0.750000
y10 = -1.250000
x11 = -1.250000
y11 = 0.750000
x12 = 0.000000
y12 = 1.000000
x13 = 1.250000
y13 = 0.750000
x14 = 0.750000
y14 = -1.250000
x15 = 0.750000
y15 = -1.250000
x16 = -9999.000000
y16 = -9999.000000
