[info]
name = fountain
author = kufi

[start]
x = -4.000000
y = 0.500000

[flags]
closed = 0
control_inverted = 0
camheight = 1.000000
mode = 1.000000

[color]
r1 = 1.000000
g1 = 0.600000
b1 = 0.150000
r2 = 0.450000
g2 = 0.000000
b2 = 1.000000

[web]
p0 = 330
p1 = 330
p2 = 330
p3 = 330
p4 = 330
p5 = 30
p6 = 30
p7 = 30
p8 = 30
p9 = 30
p10 = 150
p11 = 150
p12 = 150
p13 = 150
p14 = 150
p15 = 210
p16 = 210
p17 = 210
p18 = 210
p19 = 210
p20 = -9999
i0 = 0
i1 = 0
i2 = 0
i3 = 0
i4 = 0
i5 = 0
i6 = 0
i7 = 0
i8 = 0
i9 = 0
i10 = 0
i11 = 0
i12 = 0
i13 = 0
i14 = 0
i15 = 0
i16 = 0
i17 = 0
i18 = 0
i19 = 0
x0 = 1.000000
y0 = 1.000000
x1 = 1.000000
y1 = 0.000000
x2 = 1.000000
y2 = -1.000000
x3 = 0.500000
y3 = -1.000000
x4 = 0.000000
y4 = -1.000000
x5 = 0.000000
y5 = -1.000000
x6 = 0.000000
y6 = -1.000000
x7 = 1.000000
y7 = 0.000000
x8 = 0.000000
y8 = 1.000000
x9 = 0.000000
y9 = 1.000000
x10 = 0.000000
y10 = 1.000000
x11 = 0.500000
y11 = 1.000000
x12 = 1.000000
y12 = 1.000000
x13 = 1.000000
y13 = 0.000000
x14 = 1.000000
y14 = -1.000000
x15 = -9999.000000
y15 = -9999.000000
