[info]
name = pocket
author = kufi

[start]
x = 0.750000
y = -4.750000

[flags]
closed = 0
control_inverted = 0
camheight = 1.000000
mode = 1.000000

[enemies]
c = 50
d = 64

[color]
r1 = 1.000000
g1 = 0.650000
b1 = 0.400000
r2 = 0.000000
g2 = 0.750000
b2 = 1.000000

[web]
p0 = 120
p1 = 120
p2 = 120
p3 = 120
p4 = 120
p5 = 135
p6 = 150
p7 = 165
p8 = 180
p9 = 195
p10 = 210
p11 = 225
p12 = 240
p13 = 240
p14 = 240
p15 = 240
p16 = 240
p17 = -9999
i0 = 0
i1 = 0
i2 = 0
i3 = 0
i4 = 0
i5 = 0
i6 = 0
i7 = 0
i8 = 0
i9 = 0
i10 = 0
i11 = 0
i12 = 0
i13 = 0
i14 = 0
i15 = 0
i16 = 0
x0 = 0.000000
y0 = 1.000000
x1 = 0.000000
y1 = 1.000000
x2 = 0.000000
y2 = 1.000000
x3 = 0.000000
y3 = 1.000000
x4 = 0.500000
y4 = -1.000000
x5 = 0.750000
y5 = -0.750000
x6 = 1.000000
y6 = 0.000000
x7 = 1.000000
y7 = 0.500000
x8 = 0.250000
y8 = 1.000000
x9 = -0.500000
y9 = 1.000000
x10 = -0.500000
y10 = 1.000000
x11 = -0.500000
y11 = 1.000000
x12 = -0.750000
y12 = 0.750000
x13 = -0.750000
y13 = 0.750000
x14 = -0.500000
y14 = 1.000000
x15 = 0.000000
y15 = 1.250000
x16 = -9999.000000
y16 = -9999.000000
