[info]
name = fly
author = Kufi

[start]
x = -0.750000
y = -1.000000

[web]
p0 = 0
p1 = 0
p2 = 0
p3 = 0
p4 = 0
p5 = 0
p6 = 0
p7 = 0
p8 = 0
p9 = 0
p10 = 0
p11 = 0
p12 = 0
p13 = 0
p14 = 0
p15 = -9999
i0 = 0
i1 = 0
i2 = 0
i3 = 0
i4 = 0
i5 = 0
i6 = 0
i7 = 0
i8 = 0
i9 = 0
i10 = 0
i11 = 0
i12 = 0
i13 = 0
i14 = 0
x0 = 1.500000
y0 = 0.000000
x1 = 1.000000
y1 = -0.250000
x2 = 1.000000
y2 = -1.000000
x3 = 0.000000
y3 = 1.500000
x4 = 0.000000
y4 = 1.500000
x5 = 0.000000
y5 = 1.500000
x6 = -1.000000
y6 = -1.000000
x7 = -1.000000
y7 = -0.250000
x8 = -1.500000
y8 = 0.000000
x9 = -1.000000
y9 = 0.250000
x10 = -1.000000
y10 = 1.000000
x11 = 0.000000
y11 = -1.500000
x12 = 0.000000
y12 = -1.500000
x13 = 0.000000
y13 = -1.500000
x14 = 1.000000
y14 = 1.000000
x15 = 1.000000
y15 = 0.250000
i15 = 0
x16 = -9999.000000
y16 = -9999.000000

[flags]
closed = 1
control_inverted = 0
camheight = 0.800000
mode = 1.000000

[color]
r1 = 0.000000
g1 = 0.400000
b1 = 1.000000
r2 = 0.800000
g2 = 1.000000
b2 = -0.050000
