[info]
name = Circle
author = kufi

[start]
x = 0.000000
y = -2.850000

[web]
p0 = 0
p1 = 20
p2 = 40
p3 = 60
p4 = 80
p5 = 100
p6 = 120
p7 = 140
p8 = 160
p9 = 180
p10 = 200
p11 = 220
p12 = 240
p13 = 260
p14 = 280
p15 = 300
p16 = 320
p17 = 340
p18 = -9999
i0 = 0
i1 = 0
i2 = 0
i3 = 0
i4 = 0
i5 = 0
i6 = 0
i7 = 0
i8 = 0
i9 = 0
i10 = 0
i11 = 0
i12 = 0
i13 = 0
i14 = 0
i15 = 0
i16 = 0
i17 = 0
x0 = 1.000000
y0 = 0.250000
x1 = 1.000000
y1 = 0.750000
x2 = 0.500000
y2 = 0.750000
x3 = 0.250000
y3 = 1.000000
x4 = -0.250000
y4 = 1.000000
x5 = -0.500000
y5 = 0.750000
x6 = -1.000000
y6 = 0.750000
x7 = -1.000000
y7 = 0.250000
x8 = -1.000000
y8 = -0.250000
x9 = -1.000000
y9 = -0.750000
x10 = -0.500000
y10 = -0.750000
x11 = -0.250000
y11 = -1.000000
x12 = 0.250000
y12 = -1.000000
x13 = 0.500000
y13 = -0.750000
x14 = 1.000000
y14 = -0.750000
x15 = 1.000000
y15 = -0.250000
x16 = -9999.000000
y16 = -9999.000000

[flags]
closed = 1
control_inverted = 0
camheight = 1.000000
mode = 1.000000

[color]
r1 = 0.000000
g1 = 0.650000
b1 = 1.000000
r2 = 1.000000
g2 = 0.550000
b2 = 0.000000
