[info]
name = square
author = kufi

[start]
x = -2.500000
y = -2.500000

[flags]
closed = 1
control_inverted = 0
camheight = 1.000000
mode = 1.000000

[web]
p0 = 0
p1 = 0
p2 = 0
p3 = 0
p4 = 0
p5 = 0
p6 = 90
p7 = 90
p8 = 90
p9 = 90
p10 = 90
p11 = 90
p12 = 180
p13 = 180
p14 = 180
p15 = 180
p16 = 180
p17 = 180
p18 = 270
p19 = 270
p20 = 270
p21 = 270
p22 = 270
p23 = 270
p24 = -9999
i0 = 0
i1 = 0
i2 = 0
i3 = 0
i4 = 0
i5 = 0
i6 = 0
i7 = 0
i8 = 0
i9 = 0
i10 = 0
i11 = 0
i12 = 0
i13 = 0
i14 = 0
i15 = 0
i16 = 0
i17 = 0
i18 = 0
i19 = 0
i20 = 0
i21 = 0
i22 = 0
i23 = 0
x0 = 1.250000
y0 = 0.000000
x1 = 1.250000
y1 = 0.000000
x2 = 1.250000
y2 = 0.000000
x3 = 1.250000
y3 = 0.000000
x4 = 0.000000
y4 = 1.250000
x5 = 0.000000
y5 = 1.250000
x6 = 0.000000
y6 = 1.250000
x7 = 0.000000
y7 = 1.250000
x8 = -1.250000
y8 = 0.000000
x9 = -1.250000
y9 = 0.000000
x10 = -1.250000
y10 = 0.000000
x11 = -1.250000
y11 = 0.000000
x12 = 0.000000
y12 = -1.250000
x13 = 0.000000
y13 = -1.250000
x14 = 0.000000
y14 = -1.250000
x15 = 0.000000
y15 = -1.250000
x16 = -9999.000000
y16 = -9999.000000

[color]
r1 = 0.000000
g1 = 1.000000
b1 = 0.250000
r2 = 1.000000
g2 = 0.000000
b2 = 1.000000
