[info]
name = triangle
author = Kufi

[start]
x = -3.000000
y = -3.000000

[flags]
closed = 1
control_inverted = 0
camheight = 1.000000
mode = 1.000000

[color]
r1 = 1.000000
g1 = 0.100000
b1 = 0.950000
r2 = 0.000000
g2 = 0.800000
b2 = 1.000000

[web]
p0 = 90
p1 = 90
p2 = 90
p3 = 90
p4 = 150
p5 = 150
p6 = 150
p7 = 150
p8 = -150
p9 = -150
p10 = -150
p11 = -150
p12 = -90
p13 = -90
p14 = -90
p15 = -90
p16 = -9999
p17 = 180
p18 = 180
p19 = 180
p20 = 200
p21 = 225
p22 = 240
p23 = 240
p24 = -9999
i0 = 0
i1 = 0
i2 = 0
i3 = 0
i4 = 0
i5 = 0
i6 = 0
i7 = 0
i8 = 0
i9 = 0
i10 = 0
i11 = 0
i12 = 0
i13 = 0
i14 = 0
i15 = 0
x0 = 1.000000
y0 = 0.000000
x1 = 1.000000
y1 = 0.000000
x2 = 1.000000
y2 = 0.000000
x3 = 1.000000
y3 = 0.000000
x4 = 1.000000
y4 = 0.000000
x5 = 1.000000
y5 = 0.000000
x6 = -0.500000
y6 = 1.000000
x7 = -0.500000
y7 = 1.000000
x8 = -0.500000
y8 = 1.000000
x9 = -0.500000
y9 = 1.000000
x10 = -0.500000
y10 = 1.000000
x11 = -0.500000
y11 = 1.000000
x12 = -0.500000
y12 = -1.000000
x13 = -0.500000
y13 = -1.000000
x14 = -0.500000
y14 = -1.000000
x15 = -0.500000
y15 = -1.000000
x16 = -0.500000
y16 = -1.000000
i16 = 0
x17 = -0.500000
y17 = -1.000000
i17 = 0
x18 = -9999.000000
y18 = -9999.000000
