[info]
name = stylized cross
author = kufi

[start]
x = -0.500000
y = -2.750000

[flags]
closed = 1
control_inverted = 0
camheight = 1.000000
mode = 1.000000

[enemies]
c = 50
d = 64

[color]
r1 = 1.000000
g1 = 1.000000
b1 = -0.000000
r2 = 1.000000
g2 = 0.000000
b2 = 0.000000

[web]
p0 = 0
p1 = 0
p2 = 0
p3 = 0
p4 = 0
p5 = 360
p6 = 120
p7 = 120
p8 = 120
p9 = 120
p10 = 120
p11 = 120
p12 = 240
p13 = 240
p14 = 240
p15 = 240
p16 = 240
p17 = 240
p18 = -9999
i0 = 0
i1 = 0
i2 = 0
i3 = 0
i4 = 0
i5 = 0
i6 = 0
i7 = 0
i8 = 0
i9 = 0
i10 = 0
i11 = 0
i12 = 0
i13 = 0
i14 = 0
i15 = 0
i16 = 0
i17 = 0
x0 = 1.000000
y0 = 0.000000
x1 = 0.250000
y1 = 1.000000
x2 = 1.000000
y2 = 1.000000
x3 = 1.000000
y3 = 0.250000
x4 = 0.000000
y4 = 1.000000
x5 = -1.000000
y5 = 0.250000
x6 = -1.000000
y6 = 1.000000
x7 = -0.250000
y7 = 1.000000
x8 = -1.000000
y8 = 0.000000
x9 = -0.250000
y9 = -1.000000
x10 = -1.000000
y10 = -1.000000
x11 = -1.000000
y11 = -0.250000
x12 = 0.000000
y12 = -1.000000
x13 = 1.000000
y13 = -0.250000
x14 = 1.000000
y14 = -1.000000
x15 = 0.250000
y15 = -1.000000
x16 = -9999.000000
y16 = -9999.000000
