[info]
name = The Circle
author = kufi

[start]
x = -0.500000
y = -2.850000

[web]
p0 = 0
p1 = 20
p2 = 40
p3 = 60
p4 = 80
p5 = 100
p6 = 120
p7 = 140
p8 = 160
p9 = 180
p10 = 200
p11 = 220
p12 = 240
p13 = 260
p14 = 280
p15 = 300
p16 = 320
p17 = 340
p18 = -9999
i0 = 0
i1 = 0
i2 = 0
i3 = 0
i4 = 0
i5 = 0
i6 = 0
i7 = 0
i8 = 0
i9 = 0
i10 = 0
i11 = 0
i12 = 0
i13 = 0
i14 = 0
i15 = 0
i16 = 0
i17 = 0

[flags]
closed = 1
control_inverted = 0
camheight = 1.000000
mode = 0.000000

[color]
r1 = 1.000000
g1 = 0.000000
b1 = 0.100000
r2 = 0.000000
g2 = 1.000000
b2 = 0.000000
r3 = 1
g3 = 1
b3 = 0
r4 = 0
g4 = 1
b4 = 1

[enemies]
d = 96
