[info]
name = triangle
author = kufi

[start]
x = -3.000000
y = -2.000000

[flags]
closed = 1
control_inverted = 0
camheight = 1.000000
mode = 0.000000

[enemies]
c = 50
d = 64

[color]
r1 = 0.800000
g1 = 0.550000
b1 = 0.250000
r2 = 1.000000
g2 = 0.000000
b2 = 0.000000

[web]
p0 = 0
p1 = 0
p2 = 0
p3 = 0
p4 = 0
p5 = 360
p6 = 120
p7 = 120
p8 = 120
p9 = 120
p10 = 120
p11 = 120
p12 = 240
p13 = 240
p14 = 240
p15 = 240
p16 = 240
p17 = 240
p18 = -9999
i0 = 0
i1 = 0
i2 = 0
i3 = 0
i4 = 0
i5 = 0
i6 = 0
i7 = 0
i8 = 0
i9 = 0
i10 = 0
i11 = 0
i12 = 0
i13 = 0
i14 = 0
i15 = 0
i16 = 0
i17 = 0
