[info]
name = vase
author = Kufi

[start]
x = 3.500000
y = -2.750000

[flags]
closed = 0
control_inverted = 1
camheight = 1.000000
mode = 0.000000

[color]
r1 = 1.000000
g1 = 0.400000
b1 = 0.650000
r2 = 0.000000
g2 = 1.000000
b2 = 1.000000

[web]
p0 = 90
p1 = 90
p2 = 90
p3 = 90
p4 = 150
p5 = 150
p6 = 150
p7 = 150
p8 = -150
p9 = -150
p10 = -150
p11 = -150
p12 = -90
p13 = -90
p14 = -90
p15 = -90
p16 = -9999
p17 = 180
p18 = 180
p19 = 180
p20 = 200
p21 = 225
p22 = 240
p23 = 240
p24 = -9999
i0 = 1
i1 = 0
i2 = 0
i3 = 0
i4 = 0
i5 = 0
i6 = 0
i7 = 0
i8 = 0
i9 = 0
i10 = 0
i11 = 0
i12 = 0
i13 = 0
i14 = 0
i15 = 0
