[info]
name = slashbox
author = kufi

[start]
x = -3.250000
y = 3.250000

[flags]
closed = 1
control_inverted = 0
camheight = 1.200000
mode = 0.000000

[color]
r1 = 1.000000
g1 = 0.000000
b1 = 0.300000
r2 = 0.000000
g2 = 1.000000
b2 = 0.000000

[web]
p0 = 270
p1 = 270
p2 = 270
p3 = 315
p4 = 315
p5 = 315
p6 = 315
p7 = 315
p8 = 0
p9 = 0
p10 = 0
p11 = 90
p12 = 90
p13 = 90
p14 = 135
p15 = 135
p16 = 135
p17 = 135
p18 = 135
p19 = 180
p20 = 180
p21 = 180
p22 = -9999
i0 = 0
i1 = 0
i2 = 0
i3 = 0
i4 = 0
i5 = 0
i6 = 0
i7 = 0
i8 = 0
i9 = 0
i10 = 0
i11 = 0
i12 = 0
i13 = 0
i14 = 0
i15 = 0
i16 = 0
i17 = 0
i18 = 0
i19 = 0
i20 = 0
i21 = 0
