[info]
name = SEVEN
author = KUFI

[start]
x = -1.000000
y = -0.250000

[flags]
closed = 0
control_inverted = 0
camheight = 1.200000
mode = 0.000000

[color]
r1 = 1.000000
g1 = 0.000000
b1 = 0.300000
r2 = 0.000000
g2 = 1.000000
b2 = 0.000000

[web]
p0 = 215
p1 = 215
p2 = 300
p3 = 300
p4 = 15
p5 = 15
p6 = 15
p7 = 15
p8 = 15
p9 = 100
p10 = 100
p11 = 100
p12 = 100
p13 = 165
p14 = 165
p15 = 165
p16 = 165
p17 = -9999
p18 = -9999
i0 = 0
i1 = 0
i2 = 0
i3 = 0
i4 = 0
i5 = 0
i6 = 0
i7 = 0
i8 = 0
i9 = 0
i10 = 0
i11 = 0
i12 = 0
i13 = 0
i14 = 0
i15 = 0
i16 = 0
