[info]
name = emerald
author = kufi

[start]
x = 0.000000
y = -3.500000

[flags]
closed = 1
control_inverted = 0
camheight = 1.000000
mode = 0.000000

[color]
r1 = 1.000000
g1 = 1.000000
b1 = 0.100000
r2 = 0.000000
g2 = 0.550000
b2 = 1.000000

[web]
p0 = 0
p1 = 60
p2 = 60
p3 = 60
p4 = 60
p5 = 120
p6 = 120
p7 = 120
p8 = 120
p9 = 180
p10 = 180
p11 = 240
p12 = 240
p13 = 240
p14 = 240
p15 = 300
p16 = 300
p17 = 300
p18 = 300
p19 = 360
p20 = -9999
i0 = 0
i1 = 0
i2 = 0
i3 = 0
i4 = 0
i5 = 0
i6 = 0
i7 = 0
i8 = 0
i9 = 0
i10 = 0
i11 = 0
i12 = 0
i13 = 0
i14 = 0
i15 = 0
i16 = 0
i17 = 0
i18 = 0
i19 = 0
