[info]
name = swish
author = kufi

[start]
x = -2.000000
y = 0.250000

[flags]
closed = 0
control_inverted = 0
camheight = 1.200000
mode = 0.000000

[color]
r1 = 1.000000
g1 = 0.450000
b1 = 0.050000
r2 = 0.000000
g2 = 1.000000
b2 = 1.000000

[web]
p0 = 270
p1 = 295
p2 = 315
p3 = 330
p4 = 350
p5 = 10
p6 = 30
p7 = 50
p8 = 70
p9 = 90
p10 = 115
p11 = 130
p12 = 150
p13 = 160
p14 = 175
p15 = 185
p16 = 195
p17 = 205
p18 = 220
p19 = 230
p20 = 245
p21 = 260
p22 = 270
p23 = -9999
i0 = 0
i1 = 0
i2 = 0
i3 = 0
i4 = 0
i5 = 0
i6 = 0
i7 = 0
i8 = 0
i9 = 0
i10 = 0
i11 = 0
i12 = 0
i13 = 0
i14 = 0
i15 = 0
i16 = 0
i17 = 0
i18 = 0
i19 = 0
i20 = 0
i21 = 0
i22 = 0
