[info]
name = Bow
author = kufi

[start]
x = -1.750000
y = -5.750000

[flags]
closed = 0
control_inverted = 0
camheight = 1.500000
mode = 0.000000

[enemies]
c = 60
d = 72

[color]
r1 = 0.000000
g1 = 1.000000
b1 = 1.000000
r2 = 1.000000
g2 = 0.700000
b2 = 0.000000

[web]
p0 = 0
p1 = 10
p2 = 20
p3 = 30
p4 = 40
p5 = 50
p6 = 60
p7 = 70
p8 = 80
p9 = 90
p10 = 100
p11 = 110
p12 = 120
p13 = 130
p14 = 140
p15 = 150
p16 = 160
p17 = 170
p18 = 180
p19 = -9999
i0 = 0
i1 = 0
i2 = 0
i3 = 0
i4 = 0
i5 = 0
i6 = 0
i7 = 0
i8 = 0
i9 = 0
i10 = 0
i11 = 0
i12 = 0
i13 = 0
i14 = 0
i15 = 0
i16 = 0
i17 = 0
i18 = 0
