[info]
name = wavy
author = kufi

[start]
x = 5.250000
y = 5.750000

[flags]
closed = 0
control_inverted = 1
camheight = 1.500000
mode = 0.000000

[color]
r1 = 1.000000
g1 = 0.000000
b1 = 1.000000
r2 = 0.000000
g2 = 1.000000
b2 = 0.000000

[web]
p0 = 165
p1 = 180
p2 = 195
p3 = 205
p4 = 225
p5 = 230
p6 = 245
p7 = 260
p8 = 240
p9 = 220
p10 = 205
p11 = 195
p12 = 195
p13 = 210
p14 = 230
p15 = 255
p16 = 280
p17 = -9999
i0 = 0
i1 = 0
i2 = 0
i3 = 0
i4 = 0
i5 = 0
i6 = 0
i7 = 0
i8 = 0
i9 = 0
i10 = 0
i11 = 0
i12 = 0
i13 = 0
i14 = 0
i15 = 0
i16 = 0
