[info]
name = slashie
author = kufi

[start]
x = -6.750000
y = -1.000000

[flags]
closed = 0
control_inverted = 0
camheight = 1.300000
mode = 0.000000

[color]
r1 = 1.000000
g1 = 0.000000
b1 = 0.300000
r2 = 0.000000
g2 = 1.000000
b2 = 1.000000

[web]
p0 = 360
p1 = 0
p2 = 0
p3 = 330
p4 = 315
p5 = 315
p6 = 335
p7 = 0
p8 = 25
p9 = 45
p10 = 45
p11 = 30
p12 = 0
p13 = 0
p14 = 0
p15 = -9999
p16 = -9999
i0 = 0
i1 = 0
i2 = 0
i3 = 0
i4 = 0
i5 = 0
i6 = 0
i7 = 0
i8 = 0
i9 = 0
i10 = 0
i11 = 0
i12 = 0
i13 = 0
i14 = 0
