[info]
name = m
author = kufi

[start]
x = -5.750000
y = 3.000000

[flags]
closed = 0
control_inverted = 0
camheight = 1.300000
mode = 0.000000

[color]
r1 = 0.000000
g1 = 0.550000
b1 = 1.000000
r2 = 1.000000
g2 = 1.000000
b2 = 0.000000

[web]
p0 = 280
p1 = 280
p2 = 280
p3 = 350
p4 = 350
p5 = 350
p6 = 285
p7 = 285
p8 = 285
p9 = 360
p10 = 360
p11 = 0
p12 = 75
p13 = 75
p14 = 75
p15 = 10
p16 = 10
p17 = 10
p18 = 80
p19 = 80
p20 = 80
p21 = -9999
p22 = -9999
p23 = 110
p24 = -9999
i0 = 0
i1 = 0
i2 = 0
i3 = 0
i4 = 0
i5 = 0
i6 = 0
i7 = 0
i8 = 0
i9 = 0
i10 = 0
i11 = 0
i12 = 0
i13 = 0
i14 = 0
i15 = 0
i16 = 0
i17 = 0
i18 = 0
i19 = 0
i20 = 0
i21 = 0
