[info]
name = blob
author = kufi

[start]
x = -2.750000
y = 3.500000

[flags]
closed = 0
control_inverted = 0
camheight = 1.300000
mode = 0.000000

[color]
r1 = 0.000000
g1 = 0.500000
b1 = 1.000000
r2 = 0.000000
g2 = 1.000000
b2 = 0.000000

[web]
p0 = 310
p1 = 275
p2 = 235
p3 = 255
p4 = 270
p5 = 300
p6 = 315
p7 = 290
p8 = 340
p9 = 20
p10 = 40
p11 = 20
p12 = 60
p13 = 90
p14 = 115
p15 = 140
p16 = 120
p17 = 80
p18 = 50
p19 = 30
p20 = 15
p21 = -9999
i0 = 0
i1 = 0
i2 = 0
i3 = 0
i4 = 0
i5 = 0
i6 = 0
i7 = 0
i8 = 0
i9 = 0
i10 = 0
i11 = 0
i12 = 0
i13 = 0
i14 = 0
i15 = 0
i16 = 0
i17 = 0
i18 = 0
i19 = 0
i20 = 0
