[start]
x = -3.000000
y = -3.000000

[flags]
closed = 0
control_inverted = 0
camheight = 1.200000
mode = 0.000000

[enemies]
c = 50
d = 64

[color]
r1 = 0.750000
g1 = 0.550000
b1 = 0.150000
r2 = 0.000000
g2 = 0.500000
b2 = 1.000000

[web]
p0 = 360
p1 = 360
p2 = 360
p3 = 360
p4 = 360
p5 = 360
p6 = 90
p7 = 90
p8 = 90
p9 = 90
p10 = 90
p11 = 90
p12 = 180
p13 = 180
p14 = 180
p15 = 180
p16 = 180
p17 = 180
p18 = 270
p19 = 270
p20 = 270
p21 = 360
p22 = 360
p23 = 360
p24 = -9999
i0 = 0
i1 = 0
i2 = 0
i3 = 0
i4 = 0
i5 = 0
i6 = 0
i7 = 0
i8 = 0
i9 = 0
i10 = 0
i11 = 0
i12 = 0
i13 = 0
i14 = 0
i15 = 0
i16 = 0
i17 = 0
i18 = 0
i19 = 0
i20 = 0
i21 = 0
i22 = 0
i23 = 0

[info]
name = SideBox
author = kufi
