[info]
name = Double-V
author = kufi

[start]
x = -5.750000
y = 1.750000

[flags]
closed = 0
control_inverted = 0
camheight = 1.300000
mode = 0.000000

[enemies]
c = 40
d = 48

[color]
r1 = 1.000000
g1 = 0.850000
b1 = 0.250000
r2 = 0.600000
g2 = 0.000000
b2 = 1.000000

[web]
p0 = 300
p1 = 300
p2 = 300
p3 = 300
p4 = 300
p5 = 300
p6 = 300
p7 = 0
p8 = 60
p9 = 60
p10 = 60
p11 = 60
p12 = 0
p13 = 0
p14 = 60
p15 = 60
p16 = 60
p17 = 60
p18 = 60
p19 = 60
p20 = -9999
i0 = 0
i1 = 0
i2 = 0
i3 = 0
i4 = 0
i5 = 0
i6 = 0
i7 = 0
i8 = 0
i9 = 0
i10 = 0
i11 = 0
i12 = 0
i13 = 0
i14 = 0
i15 = 0
i16 = 0
i17 = 0
i18 = 0
i19 = 0
