[info]
name = roundrect
author = kufi

[start]
x = -3.000000
y = -2.500000

[flags]
closed = 1
control_inverted = 0
camheight = 1.200000
mode = 0.000000

[color]
r1 = 1.000000
g1 = 0.000000
b1 = 0.150000
r2 = 0.000000
g2 = 0.000000
b2 = 1.000000

[web]
p0 = 0
p1 = 0
p2 = 0
p3 = 0
p4 = 0
p5 = 0
p6 = 30
p7 = 60
p8 = 90
p9 = 90
p10 = 120
p11 = 150
p12 = 180
p13 = 180
p14 = 180
p15 = 180
p16 = 180
p17 = 180
p18 = 210
p19 = 240
p20 = 270
p21 = 270
p22 = 300
p23 = 330
p24 = -9999
p25 = 270
p26 = 270
p27 = 270
p28 = 300
p29 = 330
p30 = -9999
i0 = 0
i1 = 0
i2 = 0
i3 = 0
i4 = 0
i5 = 0
i6 = 0
i7 = 0
i8 = 0
i9 = 0
i10 = 0
i11 = 0
i12 = 0
i13 = 0
i14 = 0
i15 = 0
i16 = 0
i17 = 0
i18 = 0
i19 = 0
i20 = 0
i21 = 0
i22 = 0
i23 = 0
