[info]
name = sixstar
author = kufi

[start]
x = 0.000000
y = -3.500000

[flags]
closed = 1
control_inverted = 0
camheight = 1.200000
mode = 0.000000

[color]
r1 = 1.000000
g1 = 0.600000
b1 = 0.150000
r2 = 0.000000
g2 = 0.500000
b2 = 1.000000

[web]
p0 = 60
p1 = 60
p2 = 360
p3 = 360
p4 = 120
p5 = 120
p6 = 60
p7 = 60
p8 = 180
p9 = 180
p10 = 120
p11 = 120
p12 = 240
p13 = 240
p14 = 180
p15 = 180
p16 = 300
p17 = 300
p18 = 240
p19 = 240
p20 = 360
p21 = 360
p22 = 300
p23 = 300
p24 = -9999
i0 = 0
i1 = 0
i2 = 0
i3 = 0
i4 = 0
i5 = 0
i6 = 0
i7 = 0
i8 = 0
i9 = 0
i10 = 0
i11 = 0
i12 = 0
i13 = 0
i14 = 0
i15 = 0
i16 = 0
i17 = 0
i18 = 0
i19 = 0
i20 = 0
i21 = 0
i22 = 0
i23 = 0
