[info]
name = s
author = kufi

[start]
x = -3.500000
y = -1.000000

[flags]
closed = 1
control_inverted = 0
camheight = 1.200000
mode = 0.000000

[color]
r1 = 0.000000
g1 = 1.000000
b1 = 1.000000
r2 = 1.000000
g2 = 0.550000
b2 = 0.000000

[web]
p0 = 340
p1 = 340
p2 = 340
p3 = 320
p4 = 40
p5 = 20
p6 = 20
p7 = 20
p8 = 80
p9 = 100
p10 = 160
p11 = 160
p12 = 160
p13 = 140
p14 = 220
p15 = 200
p16 = 200
p17 = 200
p18 = 260
p19 = 280
p20 = -9999
p21 = -9999
p22 = 150
p23 = -9999
i0 = 0
i1 = 0
i2 = 0
i3 = 0
i4 = 0
i5 = 0
i6 = 0
i7 = 0
i8 = 0
i9 = 0
i10 = 0
i11 = 0
i12 = 0
i13 = 0
i14 = 0
i15 = 0
i16 = 0
i17 = 0
i18 = 0
i19 = 0
