[info]
name = Eight
author = kufi

[start]
x = 0.000000
y = -1.500000

[flags]
closed = 1
control_inverted = 0
camheight = 1.200000
mode = 0.000000

[color]
r1 = 0.000000
g1 = 0.150000
b1 = 1.000000
r2 = 1.000000
g2 = 0.750000
b2 = 0.000000
r3 = .5
g3 = .2
b3 = 0
r4 = .1
g4 = .1
b4 = 1

[web]
p0 = 320
p1 = 360
p2 = 20
p3 = 45
p4 = 75
p5 = 105
p6 = 135
p7 = 160
p8 = 180
p9 = 220
p10 = 140
p11 = 180
p12 = 200
p13 = 225
p14 = 255
p15 = 285
p16 = 315
p17 = 340
p18 = 0
p19 = 40
p20 = -9999
p21 = 345
p22 = 5
p23 = 25
p24 = -9999
p25 = 325
p26 = 345
p27 = 5
p28 = 25
p29 = 45
p30 = -9999
i0 = 0
i1 = 0
i2 = 0
i3 = 0
i4 = 0
i5 = 0
i6 = 0
i7 = 0
i8 = 0
i9 = 0
i10 = 0
i11 = 0
i12 = 0
i13 = 0
i14 = 0
i15 = 0
i16 = 0
i17 = 0
i18 = 0
i19 = 0
