[info]
name = a
author = kufi

[start]
x = 2.500000
y = -4.000000

[flags]
closed = 0
control_inverted = 1
camheight = 1.200000
mode = 0.000000

[color]
r1 = 1.000000
g1 = 1.000000
b1 = 0.250000
r2 = 0.000000
g2 = 0.000000
b2 = 1.000000

[web]
p0 = 70
p1 = 70
p2 = 70
p3 = 125
p4 = 125
p5 = 125
p6 = 125
p7 = 125
p8 = 125
p9 = 235
p10 = 235
p11 = 235
p12 = 235
p13 = 235
p14 = 235
p15 = 290
p16 = 290
p17 = 290
p18 = -9999
p19 = -9999
p20 = 270
p21 = -9999
i0 = 0
i1 = 0
i2 = 0
i3 = 0
i4 = 0
i5 = 0
i6 = 0
i7 = 0
i8 = 0
i9 = 0
i10 = 0
i11 = 0
i12 = 0
i13 = 0
i14 = 0
i15 = 0
i16 = 0
i17 = 0
