[info]
name = up n down
author = kufi

[start]
x = -5.750000
y = 0.000000

[flags]
closed = 0
control_inverted = 0
camheight = 2.100000

[color]
r1 = 0.000000
g1 = 0.000000
b1 = 1.000000
r2 = 0.000000
g2 = 1.000000
b2 = 0.000000

[web]
p0 = 30
p1 = 360
p2 = 330
p3 = 310
p4 = 300
p5 = 310
p6 = 330
p7 = 0
p8 = 30
p9 = 50
p10 = 60
p11 = 50
p12 = 30
p13 = 360
p14 = 330
p15 = -9999
