[info]
name = strange
author = kufi

[start]
x = -4.250000
y = -5.000000

[flags]
closed = 0
control_inverted = 0
camheight = 1.500000

[color]
r1 = 0.000000
g1 = 0.550000
b1 = 1.000000
r2 = 0.700000
g2 = 1.000000
b2 = 0.000000

[web]
p0 = 15
p1 = 35
p2 = 55
p3 = 85
p4 = 105
p5 = 130
p6 = 105
p7 = 80
p8 = 50
p9 = 20
p10 = 345
p11 = 315
p12 = 285
p13 = 310
p14 = 340
p15 = 10
p16 = 35
p17 = 65
p18 = 85
p19 = 105
p20 = 120
p21 = -9999
p22 = -9999
p23 = -9999
