[info]
name = overhead
author = kufi

[start]
x = 7.000000
y = 1.500000

[flags]
closed = 0
control_inverted = 1
camheight = 1.500000
mode = 0.000000

[color]
r1 = 0.000000
g1 = 1.000000
b1 = 1.000000
r2 = 0.000000
g2 = 1.000000
b2 = 0.000000

[web]
p0 = 150
p1 = 160
p2 = 170
p3 = 160
p4 = 135
p5 = 160
p6 = 170
p7 = 180
p8 = 190
p9 = 200
p10 = 225
p11 = 200
p12 = 190
p13 = 200
p14 = 210
p15 = -9999
i0 = 0
i1 = 0
i2 = 0
i3 = 0
i4 = 0
i5 = 0
i6 = 0
i7 = 0
i8 = 0
i9 = 0
i10 = 0
i11 = 0
i12 = 0
i13 = 0
i14 = 0
