[info]
name = edgy
author = kufi

[start]
x = -7.250000
y = -1.000000

[flags]
closed = 0
control_inverted = 0
camheight = 3.000000
mode = 0.000000

[color]
r1 = 0.000000
g1 = 1.000000
b1 = 1.000000
r2 = 1.000000
g2 = 1.000000
b2 = 0.000000

[web]
p0 = 0
p1 = 315
p2 = 0
p3 = 45
p4 = 360
p5 = 315
p6 = 0
p7 = 45
p8 = 0
p9 = 315
p10 = 0
p11 = 45
p12 = 360
p13 = 315
p14 = 360
p15 = 45
p16 = 0
p17 = -9999
i0 = 0
i1 = 0
i2 = 0
i3 = 0
i4 = 0
i5 = 0
i6 = 0
i7 = 0
i8 = 0
i9 = 0
i10 = 0
i11 = 0
i12 = 0
i13 = 0
i14 = 0
i15 = 0
i16 = 0
