[info]
name = Ellipsis
author = Kufi

[start]
x = -4.500000
y = -1.000000

[flags]
closed = 1
control_inverted = 0
camheight = 1.300000
mode = 0.000000

[color]
r1 = 1.000000
g1 = 0.500000
b1 = 0.050000
r2 = 0.000000
g2 = 0.950000
b2 = 1.000000

[web]
p0 = 310
p1 = 330
p2 = 340
p3 = 350
p4 = 355
p5 = 5
p6 = 10
p7 = 20
p8 = 30
p9 = 50
p10 = 80
p11 = 100
p12 = 130
p13 = 150
p14 = 160
p15 = 170
p16 = 175
p17 = 185
p18 = 190
p19 = 200
p20 = 210
p21 = 230
p22 = 260
p23 = 280
p24 = -9999
i0 = 0
i1 = 0
i2 = 0
i3 = 0
i4 = 0
i5 = 0
i6 = 0
i7 = 0
i8 = 0
i9 = 0
i10 = 0
i11 = 0
i12 = 0
i13 = 0
i14 = 0
i15 = 0
i16 = 0
i17 = 0
i18 = 0
i19 = 0
i20 = 0
i21 = 0
i22 = 0
i23 = 0
