[info]
name = brace
author = kufi

[start]
x = -6.000000
y = -1.500000

[flags]
closed = 0
control_inverted = 0
camheight = 1.200000
mode = 0.000000

[color]
r1 = 0.000000
g1 = 1.000000
b1 = 1.000000
r2 = 1.000000
g2 = 0.000000
b2 = 0.000000

[web]
p0 = 330
p1 = 360
p2 = 360
p3 = 360
p4 = 330
p5 = 315
p6 = 300
p7 = 60
p8 = 45
p9 = 30
p10 = 0
p11 = 0
p12 = 0
p13 = 30
p14 = -9999
i0 = 0
i1 = 0
i2 = 0
i3 = 0
i4 = 0
i5 = 0
i6 = 0
i7 = 0
i8 = 0
i9 = 0
i10 = 0
i11 = 0
i12 = 0
i13 = 0
