[info]
name = um, yeah
author = kufi

[start]
x = -3.000000
y = 1.750000

[flags]
closed = 0
control_inverted = 0
camheight = 1.100000
mode = 0.000000

[color]
r1 = 0.000000
g1 = 1.000000
b1 = 1.000000
r2 = 1.000000
g2 = 0.000000
b2 = 0.000000

[web]
p0 = 240
p1 = 240
p2 = 240
p3 = 360
p4 = 360
p5 = 360
p6 = 300
p7 = 300
p8 = 300
p9 = 60
p10 = 60
p11 = 60
p12 = 0
p13 = 0
p14 = 0
p15 = 120
p16 = 120
p17 = 120
p18 = -9999
i0 = 0
i1 = 0
i2 = 0
i3 = 0
i4 = 0
i5 = 0
i6 = 0
i7 = 0
i8 = 0
i9 = 0
i10 = 0
i11 = 0
i12 = 0
i13 = 0
i14 = 0
i15 = 0
i16 = 0
i17 = 0
