[start]
x = 5.500000
y = -3.250000

[flags]
closed = 0
control_inverted = 1
camheight = 1.300000
mode = 0.000000

[color]
r1 = 0.000000
g1 = 0.000000
b1 = 1.000000
r2 = 1.000000
g2 = 1.000000
b2 = 0.000000

[web]
p0 = 90
p1 = 90
p2 = 90
p3 = 90
p4 = 110
p5 = 135
p6 = 160
p7 = 180
p8 = 180
p9 = 180
p10 = 180
p11 = 180
p12 = 180
p13 = 180
p14 = 200
p15 = 225
p16 = 250
p17 = 270
p18 = 270
p19 = 270
p20 = 270
p21 = -9999
p22 = 270
p23 = 270
p24 = -9999
p25 = 270
p26 = -9999
p27 = 270
p28 = -9999
[info]
name = tunnel
author = kufi
i0 = 0
i1 = 0
i2 = 0
i3 = 0
i4 = 0
i5 = 0
i6 = 0
i7 = 0
i8 = 0
i9 = 0
i10 = 0
i11 = 0
i12 = 0
i13 = 0
i14 = 0
i15 = 0
i16 = 0
i17 = 0
i18 = 0
i19 = 0
i20 = 0
