[info]
name = big u
author = kufi

[start]
x = -3.250000
y = 5.250000

[flags]
closed = 0
control_inverted = 0
camheight = 1.500000
mode = 0.000000

[color]
r1 = 0.550000
g1 = 1.000000
b1 = 0.150000
r2 = 0.000000
g2 = 0.550000
b2 = 1.000000

[web]
p0 = 270
p1 = 270
p2 = 270
p3 = 270
p4 = 270
p5 = 270
p6 = 270
p7 = 285
p8 = 300
p9 = 315
p10 = 330
p11 = 350
p12 = 10
p13 = 30
p14 = 45
p15 = 60
p16 = 75
p17 = 90
p18 = 90
p19 = 90
p20 = 90
p21 = 90
p22 = 90
p23 = 90
p24 = -9999
i0 = 0
i1 = 0
i2 = 0
i3 = 0
i4 = 0
i5 = 0
i6 = 0
i7 = 0
i8 = 0
i9 = 0
i10 = 0
i11 = 0
i12 = 0
i13 = 0
i14 = 0
i15 = 0
i16 = 0
i17 = 0
i18 = 0
i19 = 0
i20 = 0
i21 = 0
i22 = 0
i23 = 0
