[info]
name = g
author = kufi

[start]
x = 0.500000
y = 3.750000

[flags]
closed = 0
control_inverted = 0
camheight = 1.200000
mode = 0.000000

[color]
r1 = 0.000000
g1 = 1.000000
b1 = 1.000000
r2 = 1.000000
g2 = 0.000000
b2 = 0.000000

[web]
p0 = 180
p1 = 195
p2 = 210
p3 = 225
p4 = 240
p5 = 255
p6 = 270
p7 = 285
p8 = 300
p9 = 315
p10 = 330
p11 = 345
p12 = 360
p13 = 15
p14 = 30
p15 = 45
p16 = 60
p17 = 85
p18 = 110
p19 = 160
p20 = 185
p21 = 220
p22 = -9999
i0 = 0
i1 = 0
i2 = 0
i3 = 0
i4 = 0
i5 = 0
i6 = 0
i7 = 0
i8 = 0
i9 = 0
i10 = 0
i11 = 0
i12 = 0
i13 = 0
i14 = 0
i15 = 0
i16 = 0
i17 = 0
i18 = 0
i19 = 0
i20 = 0
i21 = 0
