[info]
name = silly
author = kufi

[start]
x = -4.500000
y = -5.500000

[flags]
closed = 0
control_inverted = 0
camheight = 1.200000
mode = 0.000000

[color]
r1 = 0.000000
g1 = 0.000000
b1 = 1.000000
r2 = 0.000000
g2 = 1.000000
b2 = 0.000000

[web]
p0 = 15
p1 = 40
p2 = 70
p3 = 95
p4 = 75
p5 = 55
p6 = 40
p7 = 15
p8 = 355
p9 = 340
p10 = 345
p11 = 5
p12 = 25
p13 = 60
p14 = 85
p15 = 105
p16 = 130
p17 = 150
p18 = 170
p19 = 185
p20 = 205
p21 = 230
p22 = -9999
i0 = 0
i1 = 0
i2 = 0
i3 = 0
i4 = 0
i5 = 0
i6 = 0
i7 = 0
i8 = 0
i9 = 0
i10 = 0
i11 = 0
i12 = 0
i13 = 0
i14 = 0
i15 = 0
i16 = 0
i17 = 0
i18 = 0
i19 = 0
i20 = 0
i21 = 0
