[info]
name = claw
author = kufi

[start]
x = -3.500000
y = 3.500000

[flags]
closed = 0
control_inverted = 0
camheight = 1.200000
mode = 0.000000

[color]
r1 = 0.000000
g1 = 0.400000
b1 = 1.000000
r2 = 1.000000
g2 = 0.000000
b2 = 0.650000

[web]
p0 = 255
p1 = 255
p2 = 255
p3 = 255
p4 = 255
p5 = 340
p6 = 340
p7 = 340
p8 = 340
p9 = 340
p10 = 20
p11 = 20
p12 = 20
p13 = 20
p14 = 20
p15 = 105
p16 = 105
p17 = 105
p18 = 105
p19 = 105
p20 = -9999
p21 = 255
p22 = 255
p23 = 255
p24 = -9999
i0 = 0
i1 = 0
i2 = 0
i3 = 0
i4 = 0
i5 = 0
i6 = 0
i7 = 0
i8 = 0
i9 = 0
i10 = 0
i11 = 0
i12 = 0
i13 = 0
i14 = 0
i15 = 0
i16 = 0
i17 = 0
i18 = 0
i19 = 0
