[start]
x = -4.500000
y = 0.000000

[flags]
closed = 1
control_inverted = 0
camheight = 1.200000
mode = 0.000000

[enemies]
c = 28
d = 32

[color]
r1 = 1.000000
g1 = 1.000000
b1 = 0.050000
r2 = 0.000000
g2 = 1.000000
b2 = 1.000000

[web]
p0 = 315
p1 = 325
p2 = 335
p3 = 345
p4 = 355
p5 = 5
p6 = 15
p7 = 25
p8 = 35
p9 = 45
p10 = 135
p11 = 145
p12 = 155
p13 = 165
p14 = 175
p15 = 185
p16 = 195
p17 = 205
p18 = 215
p19 = 225
i0 = 0
i1 = 0
i2 = 0
i3 = 0
i4 = 0
i5 = 0
i6 = 0
i7 = 0
i8 = 0
i9 = 0
i10 = 0
i11 = 0
i12 = 0
i13 = 0
i14 = 0
i15 = 0
i16 = 0
i17 = 0
i18 = 0
i19 = 0
p20 = -9999

[info]
name = Eye
author = kufi
