[info]
name = whatever
author = kufi

[start]
x = -5.000000
y = -6.750000

[flags]
closed = 0
control_inverted = 0
camheight = 1.500000
mode = 0.000000

[color]
r1 = 0.000000
g1 = 0.550000
b1 = 1.000000
r2 = 0.800000
g2 = 1.000000
b2 = 0.000000

[web]
p0 = 330
p1 = 345
p2 = 5
p3 = 25
p4 = 50
p5 = 65
p6 = 75
p7 = 90
p8 = 85
p9 = 80
p10 = 65
p11 = 45
p12 = 25
p13 = 15
p14 = 35
p15 = 60
p16 = 80
p17 = 95
p18 = 105
p19 = 125
p20 = 145
p21 = 145
p22 = -9999
i0 = 0
i1 = 0
i2 = 0
i3 = 0
i4 = 0
i5 = 0
i6 = 0
i7 = 0
i8 = 0
i9 = 0
i10 = 0
i11 = 0
i12 = 0
i13 = 0
i14 = 0
i15 = 0
i16 = 0
i17 = 0
i18 = 0
i19 = 0
i20 = 0
i21 = 0
