[info]
name = edges
author = kufi

[start]
x = -3.500000
y = 1.250000

[flags]
closed = 0
control_inverted = 0
camheight = 1.200000
mode = 0.000000

[color]
r1 = 0.000000
g1 = 1.000000
b1 = 1.000000
r2 = 1.000000
g2 = 0.000000
b2 = 1.000000

[web]
p0 = 315
p1 = 225
p2 = 315
p3 = 225
p4 = 315
p5 = 45
p6 = 315
p7 = 45
p8 = 315
p9 = 45
p10 = 315
p11 = 45
p12 = 315
p13 = 45
p14 = 135
p15 = 45
p16 = 135
p17 = 45
p18 = -9999
i0 = 0
i1 = 0
i2 = 0
i3 = 0
i4 = 0
i5 = 0
i6 = 0
i7 = 0
i8 = 0
i9 = 0
i10 = 0
i11 = 0
i12 = 0
i13 = 0
i14 = 0
i15 = 0
i16 = 0
i17 = 0
