[info]
name = Spiral
author = kufi

[start]
x = 0.250000
y = -1.000000

[flags]
closed = 0
control_inverted = 0
camheight = 1.200000
mode = 0.000000

[enemies]
c = 40
d = 48

[color]
r1 = 0.000000
g1 = 1.000000
b1 = 0.100000
r2 = 0.000000
g2 = 0.000000
b2 = 1.000000
r3 = 1
g3 = 0
b3 = 0
r4 = 0
g4 = 1
b4 = 0

[web]
p0 = 60
p1 = 105
p2 = 135
p3 = 165
p4 = 205
p5 = 230
p6 = 260
p7 = 280
p8 = 300
p9 = 320
p10 = 340
p11 = 355
p12 = 10
p13 = 30
p14 = 50
p15 = 65
p16 = 80
p17 = 95
p18 = 100
p19 = 115
p20 = 125
p21 = 135
p22 = -9999
i0 = 0
i1 = 0
i2 = 0
i3 = 0
i4 = 0
i5 = 0
i6 = 0
i7 = 0
i8 = 0
i9 = 0
i10 = 0
i11 = 0
i12 = 0
i13 = 0
i14 = 0
i15 = 0
i16 = 0
i17 = 0
i18 = 0
i19 = 0
i20 = 0
i21 = 0
