[info]
name = Amiga
author = kufi

[start]
x = 2.500000
y = -4.000000

[flags]
closed = 0
control_inverted = 0
camheight = 1.200000
mode = 0.000000

[color]
r1 = 0.000000
g1 = 0.000000
b1 = 1.000000
r2 = 1.000000
g2 = 0.000000
b2 = 0.000000

[web]
p0 = 90
p1 = 90
p2 = 90
p3 = 90
p4 = 90
p5 = 90
p6 = 90
p7 = 90
p8 = 180
p9 = 225
p10 = 225
p11 = 225
p12 = 225
p13 = 225
p14 = 225
p15 = 225
p16 = 225
p17 = 225
p18 = 225
p19 = 225
p20 = -9999
p21 = 225
p22 = 360
p23 = 0
p24 = -9999
i0 = 0
i1 = 0
i2 = 0
i3 = 0
i4 = 0
i5 = 0
i6 = 0
i7 = 0
i8 = 0
i9 = 0
i10 = 0
i11 = 0
i12 = 0
i13 = 0
i14 = 0
i15 = 0
i16 = 0
i17 = 0
i18 = 0
i19 = 0
