[info]
name = C=
author = kufi

[start]
x = 0.500000
y = -1.000000

[flags]
closed = 1
control_inverted = 0
mode = 1.000000
camheight = 1.000000

[color]
r1 = 1.000000
g1 = 0.000000
b1 = 0.200000
r2 = 0.000000
g2 = 0.000000
b2 = 1.000000

[web]
x0 = 1.000000
y0 = 0.000000
x1 = 1.000000
y1 = 0.000000
x2 = -1.000000
y2 = 1.000000
x3 = 1.000000
y3 = 1.000000
x4 = -1.000000
y4 = 0.000000
x5 = -1.000000
y5 = 0.000000
x6 = 0.000000
y6 = 1.000000
x7 = -1.000000
y7 = 0.250000
x8 = -1.000000
y8 = -0.250000
x9 = -0.750000
y9 = -0.750000
x10 = -0.250000
y10 = -0.750000
x11 = 0.000000
y11 = -1.000000
x12 = 0.250000
y12 = -0.750000
x13 = 0.750000
y13 = -0.750000
x14 = 1.000000
y14 = -0.250000
x15 = 1.000000
y15 = 0.250000
x16 = 0.000000
y16 = 1.000000
x17 = -9999.000000
y17 = -9999.000000
i0 = 0
i1 = 0
i2 = 0
i3 = 0
i4 = 0
i5 = 0
i6 = 0
i7 = 0
i8 = 0
i9 = 0
i10 = 0
i11 = 0
i12 = 0
i13 = 0
i14 = 0
i15 = 0
i16 = 0
