[info]
name = clover
author = kufi

[start]
x = 0.000000
y = -1.000000

[flags]
closed = 1
control_inverted = 0
camheight = 0.800000
mode = 0.000000

[color]
r1 = 1.000000
g1 = 0.000000
b1 = 0.100000
r2 = 0.000000
g2 = 1.000000
b2 = 1.000000

[web]
p0 = 300
p1 = 15
p2 = 75
p3 = 150
p4 = 30
p5 = 105
p6 = 165
p7 = 240
p8 = 120
p9 = 195
p10 = 255
p11 = 330
p12 = 210
p13 = 285
p14 = 345
p15 = 60
p16 = -9999
i0 = 0
i1 = 0
i2 = 0
i3 = 0
i4 = 0
i5 = 0
i6 = 0
i7 = 0
i8 = 0
i9 = 0
i10 = 0
i11 = 0
i12 = 0
i13 = 0
i14 = 0
i15 = 0
