[info]
name = Bowtie
author = Kufi

[start]
x = -3.750000
y = -2.250000

[flags]
closed = 1
control_inverted = 0
camheight = 0.900000
mode = 0.000000

[enemies]
c = 50
d = 64

[color]
r1 = 1.000000
g1 = 0.350000
b1 = 0.150000
r2 = 0.000000
g2 = 0.400000
b2 = 1.000000

[web]
p0 = 15
p1 = 15
p2 = 15
p3 = 15
p4 = 345
p5 = 345
p6 = 345
p7 = 345
p8 = 130
p9 = 130
p10 = 130
p11 = 50
p12 = 50
p13 = 50
p14 = 195
p15 = 195
p16 = 195
p17 = 195
p18 = 165
p19 = 165
p20 = 165
p21 = 165
p22 = 310
p23 = 310
p24 = 310
p25 = 230
p26 = 230
p27 = 230
p28 = -9999
p29 = 310
p30 = 310
p31 = 310
p32 = 230
p33 = 230
p34 = 230
p35 = 230
p36 = -9999
i0 = 0
i1 = 0
i2 = 0
i3 = 0
i4 = 0
i5 = 0
i6 = 0
i7 = 0
i8 = 0
i9 = 0
i10 = 0
i11 = 0
i12 = 0
i13 = 0
i14 = 0
i15 = 0
i16 = 0
i17 = 0
i18 = 0
i19 = 0
i20 = 0
i21 = 0
i22 = 0
i23 = 0
i24 = 0
i25 = 0
i26 = 0
i27 = 0
