[info]
name = W
author = kufi

[start]
x = -7.000000
y = -0.250000

[flags]
closed = 0
control_inverted = 0
camheight = 1.200000
mode = 0.000000

[enemies]
c = 50
d = 32

[color]
r1 = 0.000000
g1 = 0.000000
b1 = 1.000000
r2 = 0.500000
g2 = 1.000000
b2 = 1.000000
r3 = .2
g3 = .5
b3 = 1
r4 = 1
g4 = .5
b4 = .2

[web]
p0 = 315
p1 = 315
p2 = 315
p3 = 315
p4 = 315
p5 = 45
p6 = 45
p7 = 45
p8 = 45
p9 = 45
p10 = 315
p11 = 315
p12 = 315
p13 = 315
p14 = 315
p15 = 45
p16 = 45
p17 = 45
p18 = 45
p19 = 45
p20 = -9999
i0 = 0
i1 = 0
i2 = 0
i3 = 0
i4 = 0
i5 = 0
i6 = 0
i7 = 0
i8 = 0
i9 = 0
i10 = 0
i11 = 0
i12 = 0
i13 = 0
i14 = 0
i15 = 0
i16 = 0
i17 = 0
i18 = 0
i19 = 0
