[info]
name = UBow
author = kufi

[start]
x = 3.750000
y = -4.500000

[flags]
closed = 0
control_inverted = 1
camheight = 1.200000
mode = 0.000000

[enemies]
c = 50
d = 64

[color]
r1 = 0.000000
g1 = 0.500000
b1 = 0.650000
r2 = 0.900000
g2 = 0.750000
b2 = 0.000000

[web]
p0 = 90
p1 = 90
p2 = 90
p3 = 90
p4 = 90
p5 = 90
p6 = 105
p7 = 120
p8 = 135
p9 = 150
p10 = 165
p11 = 180
p12 = 195
p13 = 210
p14 = 225
p15 = 240
p16 = 255
p17 = 270
p18 = 270
p19 = 270
p20 = 270
p21 = 270
p22 = 270
p23 = -9999
i0 = 0
i1 = 0
i2 = 0
i3 = 0
i4 = 0
i5 = 0
i6 = 0
i7 = 0
i8 = 0
i9 = 0
i10 = 0
i11 = 0
i12 = 0
i13 = 0
i14 = 0
i15 = 0
i16 = 0
i17 = 0
i18 = 0
i19 = 0
i20 = 0
i21 = 0
i22 = 0
