[info]
name = atari
author = kufi

[start]
x = 7.500000
y = -2.250000

[flags]
closed = 0
control_inverted = 1
camheight = 1.200000
mode = 0.000000

[color]
r1 = 1.000000
g1 = 1.000000
b1 = 0.350000
r2 = 0.000000
g2 = 0.000000
b2 = 1.000000

[web]
p0 = 175
p1 = 165
p2 = 155
p3 = 145
p4 = 135
p5 = 125
p6 = 115
p7 = 105
p8 = 100
p9 = 95
p10 = 180
p11 = 180
p12 = 180
p13 = 265
p14 = 260
p15 = 255
p16 = 245
p17 = 235
p18 = 225
p19 = 215
p20 = 205
p21 = 195
p22 = 185
p23 = -9999
i0 = 0
i1 = 0
i2 = 0
i3 = 0
i4 = 0
i5 = 0
i6 = 0
i7 = 0
i8 = 0
i9 = 0
i10 = 0
i11 = 0
i12 = 0
i13 = 0
i14 = 0
i15 = 0
i16 = 0
i17 = 0
i18 = 0
i19 = 0
i20 = 0
i21 = 0
i22 = 0
