[info]
name = bigcircle
author = kufi

[start]
x = 0.500000
y = -3.250000

[flags]
closed = 1
control_inverted = 0
camheight = 1.400000
mode = 0.000000

[enemies]
c = 28
d = 64

[color]
r1 = 1.000000
g1 = 1.000000
b1 = 0.100000
r2 = 0.000000
g2 = 0.000000
b2 = 1.000000

[web]
p0 = 15
p1 = 30
p2 = 45
p3 = 60
p4 = 80
p5 = 100
p6 = 120
p7 = 135
p8 = 150
p9 = 165
p10 = 180
p11 = 195
p12 = 210
p13 = 225
p14 = 240
p15 = 260
p16 = 280
p17 = 300
p18 = 315
p19 = 330
p20 = 345
p21 = 360
p22 = -9999
p23 = 80
p24 = 360
p25 = 280
p26 = -9999
p27 = 330
p28 = 345
p29 = 90
p30 = 360
p31 = 270
i0 = 0
i1 = 0
i2 = 0
i3 = 0
i4 = 0
i5 = 0
i6 = 0
i7 = 0
i8 = 0
i9 = 0
i10 = 0
i11 = 0
i12 = 0
i13 = 0
i14 = 0
i15 = 0
i16 = 0
i17 = 0
i18 = 0
i19 = 0
i20 = 0
i21 = 0

[info]
name = nowhere
