[info]
name = something
author = kufi

[start]
x = -2.500000
y = 1.250000

[flags]
closed = 0
control_inverted = 0
camheight = 1.200000
mode = 0.000000

[color]
r1 = 0.000000
g1 = 1.000000
b1 = 1.000000
r2 = 1.000000
g2 = 1.000000
b2 = 0.000000

[web]
p0 = 305
p1 = 270
p2 = 240
p3 = 270
p4 = 285
p5 = 305
p6 = 340
p7 = 10
p8 = 40
p9 = 70
p10 = 80
p11 = 50
p12 = 40
p13 = 75
p14 = 105
p15 = 125
p16 = 145
p17 = 130
p18 = 125
p19 = 140
p20 = 160
p21 = -9999
p22 = 290
p23 = -15
p24 = -9999
i0 = 0
i1 = 0
i2 = 0
i3 = 0
i4 = 0
i5 = 0
i6 = 0
i7 = 0
i8 = 0
i9 = 0
i10 = 0
i11 = 0
i12 = 0
i13 = 0
i14 = 0
i15 = 0
i16 = 0
i17 = 0
i18 = 0
i19 = 0
i20 = 0
