[info]
name = inverted hills
author = kufi

[start]
x = 8.000000
y = 0.000000

[flags]
closed = 0
control_inverted = 1
camheight = 1.300000
mode = 0.000000

[color]
r1 = 1.000000
g1 = 1.000000
b1 = 0.100000
r2 = 0.000000
g2 = 0.000000
b2 = 1.000000

[web]
p0 = 120
p1 = 120
p2 = 180
p3 = 180
p4 = 120
p5 = 120
p6 = 180
p7 = 180
p8 = 240
p9 = 240
p10 = 180
p11 = 180
p12 = 120
p13 = 120
p14 = 180
p15 = 180
p16 = 240
p17 = 240
p18 = 180
p19 = 180
p20 = 240
p21 = 240
p22 = -9999
i0 = 0
i1 = 0
i2 = 0
i3 = 0
i4 = 0
i5 = 0
i6 = 0
i7 = 0
i8 = 0
i9 = 0
i10 = 0
i11 = 0
i12 = 0
i13 = 0
i14 = 0
i15 = 0
i16 = 0
i17 = 0
i18 = 0
i19 = 0
i20 = 0
i21 = 0
