[info]
name = VCross
author = kufi

[start]
x = -3.250000
y = -0.500000

[flags]
closed = 1
control_inverted = 0
camheight = 1.300000
mode = 0.000000

[enemies]
c = 50
d = 32

[color]
r1 = 0.000000
g1 = 1.000000
b1 = 0.050000
r2 = 1.000000
g2 = 0.000000
b2 = 0.500000
r3 = 1
g3 = .5
b3 = 0
r4 = 0
g4 = .5
b4 = 1

[web]
p0 = 330
p1 = 330
p2 = 285
p3 = 285
p4 = 285
p5 = 285
p6 = 0
p7 = 75
p8 = 75
p9 = 75
p10 = 75
p11 = 30
p12 = 30
p13 = 90
p14 = 150
p15 = 150
p16 = 105
p17 = 105
p18 = 105
p19 = 105
p20 = 180
p21 = 255
p22 = 255
p23 = 255
p24 = 255
p25 = 210
p26 = 210
p27 = 270
i0 = 0
i1 = 0
i2 = 0
i3 = 0
i4 = 0
i5 = 0
i6 = 0
i7 = 0
i8 = 0
i9 = 0
i10 = 0
i11 = 0
i12 = 0
i13 = 0
i14 = 0
i15 = 0
i16 = 0
i17 = 0
i18 = 0
i19 = 0
i20 = 0
i21 = 0
i22 = 0
i23 = 0
i24 = 0
i25 = 0
i26 = 0
i27 = 0
p28 = -9999
