[info]
name = U
author = kufi

[start]
x = -6.000000
y = 2.000000

[flags]
closed = 0
control_inverted = 0
camheight = 1.500000
mode = 0.000000

[enemies]
c = 56
d = 32

[color]
r1 = 0.500000
g1 = 1.000000
b1 = 0.050000
r2 = 0.000000
g2 = 0.500000
b2 = 1.000000

[web]
p0 = 270
p1 = 270
p2 = 270
p3 = 270
p4 = 295
p5 = 315
p6 = 335
p7 = 0
p8 = 0
p9 = 0
p10 = 0
p11 = 0
p12 = 0
p13 = 0
p14 = 0
p15 = 25
p16 = 45
p17 = 65
p18 = 90
p19 = 90
p20 = 90
p21 = 90
p22 = -9999
i0 = 0
i1 = 0
i2 = 0
i3 = 0
i4 = 0
i5 = 0
i6 = 0
i7 = 0
i8 = 0
i9 = 0
i10 = 0
i11 = 0
i12 = 0
i13 = 0
i14 = 0
i15 = 0
i16 = 0
i17 = 0
i18 = 0
i19 = 0
i20 = 0
i21 = 0
