[info]
name = shaft 2
author = kufi

[start]
x = -1.000000
y = -2.500000

[flags]
closed = 1
control_inverted = 0
camheight = 1.200000
mode = 0.000000

[color]
r1 = 0.000000
g1 = 1.000000
b1 = 1.000000
r2 = 1.000000
g2 = 0.400000
b2 = 1.000000

[web]
p0 = 0
p1 = 0
p2 = 45
p3 = 360
p4 = 20
p5 = 90
p6 = 90
p7 = 90
p8 = 160
p9 = 180
p10 = 135
p11 = 180
p12 = 180
p13 = 225
p14 = 180
p15 = 200
p16 = 270
p17 = 270
p18 = 270
p19 = 340
p20 = 0
p21 = 315
p22 = -9999
p23 = 90
p24 = -9999
i0 = 0
i1 = 0
i2 = 0
i3 = 0
i4 = 0
i5 = 0
i6 = 0
i7 = 0
i8 = 0
i9 = 0
i10 = 0
i11 = 0
i12 = 0
i13 = 0
i14 = 0
i15 = 0
i16 = 0
i17 = 0
i18 = 0
i19 = 0
i20 = 0
i21 = 0
