[info]
name = p
author = kufi

[start]
x = -1.500000
y = -0.750000

[flags]
closed = 0
control_inverted = 0
camheight = 1.000000
mode = 0.000000

[color]
r1 = 0.950000
g1 = 0.300000
b1 = 0.100000
r2 = 0.000000
g2 = 0.250000
b2 = 1.000000

[web]
p0 = 360
p1 = 360
p2 = 360
p3 = 40
p4 = 60
p5 = 90
p6 = 120
p7 = 140
p8 = 180
p9 = 180
p10 = 180
p11 = 180
p12 = 270
p13 = 270
p14 = 270
p15 = 270
p16 = 270
p17 = 270
p18 = 270
p19 = 270
p20 = -9999
p21 = 270
p22 = -9999
i0 = 0
i1 = 0
i2 = 0
i3 = 0
i4 = 0
i5 = 0
i6 = 0
i7 = 0
i8 = 0
i9 = 0
i10 = 0
i11 = 0
i12 = 0
i13 = 0
i14 = 0
i15 = 0
i16 = 0
i17 = 0
i18 = 0
i19 = 0
