[info]
name = anything
author = kufi

[start]
x = -3.750000
y = 2.250000

[flags]
closed = 0
control_inverted = 0
camheight = 1.200000
mode = 0.000000

[color]
r1 = 0.000000
g1 = 1.000000
b1 = 1.000000
r2 = 1.000000
g2 = 0.000000
b2 = 1.000000

[web]
p0 = 230
p1 = 265
p2 = 295
p3 = 320
p4 = 340
p5 = 310
p6 = 285
p7 = 320
p8 = 350
p9 = 20
p10 = 55
p11 = 75
p12 = 60
p13 = 40
p14 = 55
p15 = 75
p16 = 95
p17 = 130
p18 = 150
p19 = -9999
p20 = 305
p21 = -9999
p22 = 345
p23 = -9999
i0 = 0
i1 = 0
i2 = 0
i3 = 0
i4 = 0
i5 = 0
i6 = 0
i7 = 0
i8 = 0
i9 = 0
i10 = 0
i11 = 0
i12 = 0
i13 = 0
i14 = 0
i15 = 0
i16 = 0
i17 = 0
i18 = 0
