[info]
name = X
author = kufi

[start]
x = -1.750000
y = 0.500000

[flags]
closed = 1
control_inverted = 0
camheight = 1.200000
mode = 0.000000

[enemies]
c = 50
d = 64

[color]
r1 = 1.000000
g1 = 1.000000
b1 = 0.050000
r2 = 0.000000
g2 = 0.000000
b2 = 1.000000

[web]
p0 = 270
p1 = 235
p2 = 235
p3 = 315
p4 = 35
p5 = 35
p6 = 360
p7 = 325
p8 = 325
p9 = 45
p10 = 125
p11 = 125
p12 = 90
p13 = 55
p14 = 55
p15 = 135
p16 = 215
p17 = 215
p18 = 180
p19 = 145
p20 = 145
p21 = 225
p22 = 305
p23 = 305
p24 = -9999
p25 = 315
p26 = 315
p27 = 270
i0 = 0
i1 = 0
i2 = 0
i3 = 0
i4 = 0
i5 = 0
i6 = 0
i7 = 0
i8 = 0
i9 = 0
i10 = 0
i11 = 0
i12 = 0
i13 = 0
i14 = 0
i15 = 0
i16 = 0
i17 = 0
i18 = 0
i19 = 0
i20 = 0
i21 = 0
i22 = 0
i23 = 0
