[info]
name = Star
author = kufi

[start]
x = -2.500000
y = 0.000000

[flags]
closed = 1
control_inverted = 0
camheight = 1.000000
mode = 0.000000

[enemies]
c = 50
d = 24

[color]
r1 = 1.000000
g1 = 0.000000
b1 = 0.100000
r2 = 0.000000
g2 = 1.000000
b2 = 0.000000

[web]
p0 = 335
p1 = 345
p2 = 285
p3 = 295
p4 = 65
p5 = 75
p6 = 15
p7 = 25
p8 = 155
p9 = 165
p10 = 105
p11 = 115
p12 = 245
p13 = 255
p14 = 195
p15 = 205
p16 = -9999
i0 = 0
i1 = 0
i2 = 0
i3 = 0
i4 = 0
i5 = 0
i6 = 0
i7 = 0
i8 = 0
i9 = 0
i10 = 0
i11 = 0
i12 = 0
i13 = 0
i14 = 0
i15 = 0
