[info]
name = tanky
author = kufi

[start]
x = -4.500000
y = -1.500000

[flags]
closed = 0
control_inverted = 0
camheight = 1.000000
mode = 0.000000

[color]
r1 = 1.000000
g1 = 0.000000
b1 = 0.150000
r2 = 0.000000
g2 = 1.000000
b2 = 0.000000

[web]
p0 = 285
p1 = 285
p2 = 360
p3 = 360
p4 = 45
p5 = 45
p6 = 45
p7 = 360
p8 = 0
p9 = 0
p10 = 50
p11 = 50
p12 = 90
p13 = 90
p14 = 135
p15 = 135
p16 = -9999
p17 = 320
p18 = -9999
p19 = 300
p20 = 320
p21 = 340
p22 = -9999
i0 = 0
i1 = 0
i2 = 0
i3 = 0
i4 = 0
i5 = 0
i6 = 0
i7 = 0
i8 = 0
i9 = 0
i10 = 0
i11 = 0
i12 = 0
i13 = 0
i14 = 0
i15 = 0
