[info]
name = flurry
author = kufi

[start]
x = 3.250000
y = 2.250000

[flags]
closed = 0
control_inverted = 0
camheight = 1.200000
mode = 0.000000

[color]
r1 = 1.000000
g1 = 0.000000
b1 = 1.000000
r2 = 0.000000
g2 = 1.000000
b2 = 0.000000

[web]
p0 = 315
p1 = 295
p2 = 275
p3 = 250
p4 = 225
p5 = 200
p6 = 180
p7 = 155
p8 = 135
p9 = 120
p10 = 100
p11 = 120
p12 = 150
p13 = 175
p14 = 200
p15 = 225
p16 = 255
p17 = 285
p18 = 310
p19 = 335
p20 = -9999
p21 = 330
p22 = -9999
i0 = 0
i1 = 0
i2 = 0
i3 = 0
i4 = 0
i5 = 0
i6 = 0
i7 = 0
i8 = 0
i9 = 0
i10 = 0
i11 = 0
i12 = 0
i13 = 0
i14 = 0
i15 = 0
i16 = 0
i17 = 0
i18 = 0
i19 = 0
