[info]
name = VBox
author = kufi

[start]
x = -3.500000
y = 0.000000

[flags]
closed = 1
control_inverted = 0
camheight = 1.200000
mode = 0.000000

[enemies]
c = 56
d = 32

[color]
r1 = 0.000000
g1 = 1.000000
b1 = 0.050000
r2 = 0.000000
g2 = 0.000000
b2 = 1.000000

[web]
p0 = 315
p1 = 315
p2 = 315
p3 = 315
p4 = 315
p5 = 45
p6 = 45
p7 = 45
p8 = 45
p9 = 45
p10 = 135
p11 = 135
p12 = 135
p13 = 135
p14 = 135
p15 = 225
p16 = 225
p17 = 225
p18 = 225
p19 = 225
p20 = -9999
i0 = 0
i1 = 0
i2 = 0
i3 = 0
i4 = 0
i5 = 0
i6 = 0
i7 = 0
i8 = 0
i9 = 0
i10 = 0
i11 = 0
i12 = 0
i13 = 0
i14 = 0
i15 = 0
i16 = 0
i17 = 0
i18 = 0
i19 = 0
