[info]
name = s
author = kufi

[start]
x = -2.750000
y = -3.750000

[flags]
closed = 0
control_inverted = 0
camheight = 1.200000
mode = 0.000000

[color]
r1 = 0.000000
g1 = 0.000000
b1 = 1.000000
r2 = 1.000000
g2 = 1.000000
b2 = 0.000000

[web]
p0 = 0
p1 = 0
p2 = 0
p3 = 10
p4 = 45
p5 = 75
p6 = 105
p7 = 135
p8 = 170
p9 = 180
p10 = 170
p11 = 135
p12 = 105
p13 = 75
p14 = 45
p15 = 10
p16 = 0
p17 = 0
p18 = 0
p19 = -9999
i0 = 0
i1 = 0
i2 = 0
i3 = 0
i4 = 0
i5 = 0
i6 = 0
i7 = 0
i8 = 0
i9 = 0
i10 = 0
i11 = 0
i12 = 0
i13 = 0
i14 = 0
i15 = 0
i16 = 0
i17 = 0
i18 = 0
