[info]
name = big bow
author = kufi

[start]
x = -6.500000
y = 3.500000

[flags]
closed = 0
control_inverted = 0
camheight = 1.800000
mode = 0.000000

[color]
r1 = 1.000000
g1 = 1.000000
b1 = 0.100000
r2 = 1.000000
g2 = 0.000000
b2 = 1.000000

[web]
p0 = 240
p1 = 240
p2 = 240
p3 = 240
p4 = 315
p5 = 320
p6 = 325
p7 = 330
p8 = 335
p9 = 340
p10 = 345
p11 = 350
p12 = 355
p13 = 360
p14 = 5
p15 = 10
p16 = 15
p17 = 20
p18 = 25
p19 = 30
p20 = 35
p21 = 40
p22 = 45
p23 = 120
p24 = 120
p25 = 120
p26 = 120
p27 = -9999
i0 = 0
i1 = 0
i2 = 0
i3 = 0
i4 = 0
i5 = 0
i6 = 0
i7 = 0
i8 = 0
i9 = 0
i10 = 0
i11 = 0
i12 = 0
i13 = 0
i14 = 0
i15 = 0
i16 = 0
i17 = 0
i18 = 0
i19 = 0
i20 = 0
i21 = 0
i22 = 0
i23 = 0
i24 = 0
i25 = 0
i26 = 0
