[info]
name = WW
author = kufi

[start]
x = -6.000000
y = 0.000000

[flags]
closed = 0
control_inverted = 0
camheight = 1.300000
mode = 0.000000

[enemies]
c = 50
d = 64

[color]
r1 = 1.000000
g1 = 0.000000
b1 = 0.050000
r2 = 0.000000
g2 = 0.000000
b2 = 1.000000

[web]
p0 = 300
p1 = 300
p2 = 300
p3 = 300
p4 = 60
p5 = 60
p6 = 60
p7 = 60
p8 = 60
p9 = 60
p10 = 60
p11 = 60
p12 = 300
p13 = 300
p14 = 300
p15 = 300
p16 = 300
p17 = 300
p18 = 300
p19 = 300
p20 = 60
p21 = 60
p22 = 60
p23 = 60
i0 = 0
i1 = 0
i2 = 0
i3 = 0
i4 = 0
i5 = 0
i6 = 0
i7 = 0
i8 = 0
i9 = 0
i10 = 0
i11 = 0
i12 = 0
i13 = 0
i14 = 0
i15 = 0
i16 = 0
i17 = 0
i18 = 0
i19 = 0
i20 = 0
i21 = 0
i22 = 0
i23 = 0
p24 = -9999
