[info]
name = inverted 3
author = kufi

[start]
x = 7.250000
y = -0.750000

[flags]
closed = 0
control_inverted = 1
camheight = 1.200000
mode = 0.000000

[color]
r1 = 1.000000
g1 = 1.000000
b1 = 0.050000
r2 = 0.000000
g2 = 0.000000
b2 = 1.000000

[web]
p0 = 90
p1 = 105
p2 = 120
p3 = 135
p4 = 150
p5 = 165
p6 = 180
p7 = 195
p8 = 210
p9 = 225
p10 = 240
p11 = 120
p12 = 135
p13 = 150
p14 = 165
p15 = 180
p16 = 195
p17 = 210
p18 = 225
p19 = 240
p20 = 255
p21 = 270
p22 = -9999
i0 = 0
i1 = 0
i2 = 0
i3 = 0
i4 = 0
i5 = 0
i6 = 0
i7 = 0
i8 = 0
i9 = 0
i10 = 0
i11 = 0
i12 = 0
i13 = 0
i14 = 0
i15 = 0
i16 = 0
i17 = 0
i18 = 0
i19 = 0
i20 = 0
i21 = 0
