[info]
name = X2
author = kufi

[start]
x = -0.500000
y = -1.000000

[flags]
closed = 1
control_inverted = 0
camheight = 0.800000
mode = 0.000000

[color]
r1 = 1.000000
g1 = 1.000000
b1 = 0.150000
r2 = 0.000000
g2 = 0.000000
b2 = 1.000000

[web]
p0 = 0
p1 = 300
p2 = 0
p3 = 90
p4 = 150
p5 = 90
p6 = 30
p7 = 90
p8 = 180
p9 = 240
p10 = 180
p11 = 120
p12 = 180
p13 = 270
p14 = 330
p15 = 270
p16 = 210
p17 = 270
p18 = 360
p19 = 60
p20 = -9999
i0 = 0
i1 = 0
i2 = 0
i3 = 0
i4 = 0
i5 = 0
i6 = 0
i7 = 0
i8 = 0
i9 = 0
i10 = 0
i11 = 0
i12 = 0
i13 = 0
i14 = 0
i15 = 0
i16 = 0
i17 = 0
i18 = 0
i19 = 0
