[info]
name = E
author = Kufi

[start]
x = -1.250000
y = -4.750000

[flags]
closed = 0
control_inverted = 0
camheight = 1.000000
mode = 0.000000

[color]
r1 = 1.000000
g1 = 1.000000
b1 = 0.050000
r2 = 0.000000
g2 = 0.050000
b2 = 1.000000

[web]
p0 = 10
p1 = 10
p2 = 10
p3 = 10
p4 = 10
p5 = 60
p6 = 170
p7 = 170
p8 = 170
p9 = 55
p10 = 55
p11 = 10
p12 = 10
p13 = 90
p14 = 170
p15 = 170
p16 = 115
p17 = 115
p18 = 10
p19 = 10
p20 = 10
p21 = 125
p22 = 170
p23 = 170
p24 = 170
p25 = 170
p26 = 170
p27 = -9999
p28 = 180
p29 = 180
p30 = 180
p31 = 180
p32 = 180
p33 = -9999
i0 = 0
i1 = 0
i2 = 0
i3 = 0
i4 = 0
i5 = 0
i6 = 0
i7 = 0
i8 = 0
i9 = 0
i10 = 0
i11 = 0
i12 = 0
i13 = 0
i14 = 0
i15 = 0
i16 = 0
i17 = 0
i18 = 0
i19 = 0
i20 = 0
i21 = 0
i22 = 0
i23 = 0
i24 = 0
i25 = 0
i26 = 0
