[info]
name = Three
author = Kufi

[start]
x = -3.850000
y = 2.750000

[flags]
closed = 0
control_inverted = 0
camheight = 1.200000
mode = 0.000000

[color]
r1 = 1.000000
g1 = 0.350000
b1 = 0.000000
r2 = 0.000000
g2 = 1.000000
b2 = 0.750000

[web]
p0 = 215
p1 = 235
p2 = 255
p3 = 275
p4 = 295
p5 = 315
p6 = 335
p7 = 355
p8 = 20
p9 = 40
p10 = 60
p11 = 80
p12 = 280
p13 = 300
p14 = 320
p15 = 340
p16 = 5
p17 = 25
p18 = 45
p19 = 65
p20 = 85
p21 = 105
p22 = 125
p23 = 145
p24 = -9999
p25 = 85
p26 = 105
p27 = 125
p28 = 145
p29 = 165
p30 = -9999
i0 = 0
i1 = 0
i2 = 0
i3 = 0
i4 = 0
i5 = 0
i6 = 0
i7 = 0
i8 = 0
i9 = 0
i10 = 0
i11 = 0
i12 = 0
i13 = 0
i14 = 0
i15 = 0
i16 = 0
i17 = 0
i18 = 0
i19 = 0
i20 = 0
i21 = 0
i22 = 0
i23 = 0
