[info]
name = Question
author = kufi

[start]
x = 0.000000
y = 5.000000

[flags]
closed = 0
control_inverted = 0
camheight = 1.200000
mode = 0.000000

[enemies]
c = 50
d = 32

[color]
r1 = 0.000000
g1 = 1.000000
b1 = 0.050000
r2 = 1.000000
g2 = 0.000000
b2 = 0.500000
r3 = 1
g3 = .5
b3 = 0
r4 = 0
g4 = .5
b4 = 1

[web]
p0 = 270
p1 = 270
p2 = 270
p3 = 270
p4 = 255
p5 = 225
p6 = 225
p7 = 240
p8 = 270
p9 = 300
p10 = 330
p11 = 0
p12 = 30
p13 = 60
p14 = 90
p15 = 120
i0 = 0
i1 = 0
i2 = 0
i3 = 0
i4 = 0
i5 = 0
i6 = 0
i7 = 0
i8 = 0
i9 = 0
i10 = 0
i11 = 0
i12 = 0
i13 = 0
i14 = 0
i15 = 0
p16 = -9999
