[info]
name = Cross
author = kufi

[start]
x = -3.000000
y = -1.000000

[flags]
closed = 1
control_inverted = 0
camheight = 1.100000
mode = 0.000000

[enemies]
c = 40
d = 32

[color]
r1 = 1.000000
g1 = 0.000000
b1 = 0.050000
r2 = 0.000000
g2 = 1.000000
b2 = 0.000000

[web]
p0 = 0
p1 = 0
p2 = 270
p3 = 270
p4 = 0
p5 = 0
p6 = 90
p7 = 90
p8 = 0
p9 = 0
p10 = 90
p11 = 90
p12 = 180
p13 = 180
p14 = 90
p15 = 90
p16 = 180
p17 = 180
p18 = 270
p19 = 270
p20 = 180
p21 = 180
p22 = 270
p23 = 270
i0 = 0
i1 = 0
i2 = 0
i3 = 0
i4 = 0
i5 = 0
i6 = 0
i7 = 0
i8 = 0
i9 = 0
i10 = 0
i11 = 0
i12 = 0
i13 = 0
i14 = 0
i15 = 0
i16 = 0
i17 = 0
i18 = 0
i19 = 0
i20 = 0
i21 = 0
i22 = 0
i23 = 0
p24 = -9999
