[info]
name = Hills
author = kufi

[start]
x = -6.500000
y = 1.750000

[flags]
closed = 0
control_inverted = 0
camheight = 1.200000
mode = 0.000000

[enemies]
c = 50
d = 64

[color]
r1 = 1.000000
g1 = 0.000000
b1 = 0.100000
r2 = 0.000000
g2 = 0.550000
b2 = 1.000000

[web]
p0 = 280
p1 = 305
p2 = 335
p3 = 325
p4 = 300
p5 = 280
p6 = 290
p7 = 35
p8 = 35
p9 = 60
p10 = 40
p11 = 5
p12 = 355
p13 = 50
p14 = 360
p15 = 335
p16 = 60
p17 = 80
p18 = 60
p19 = 75
p20 = 55
p21 = -9999
p22 = 90
p23 = 45
p24 = 65
i0 = 0
i1 = 0
i2 = 0
i3 = 0
i4 = 0
i5 = 0
i6 = 0
i7 = 0
i8 = 0
i9 = 0
i10 = 0
i11 = 0
i12 = 0
i13 = 0
i14 = 0
i15 = 0
i16 = 0
i17 = 0
i18 = 0
i19 = 0
i20 = 0
