[info]
name = triangles
author = kufi

[start]
x = -3.500000
y = -1.750000

[flags]
closed = 1
control_inverted = 0
camheight = 1.200000
mode = 0.000000

[color]
r1 = 1.000000
g1 = 0.000000
b1 = 1.000000
r2 = 1.000000
g2 = 1.000000
b2 = 0.000000

[web]
p0 = 0
p1 = 0
p2 = 300
p3 = 0
p4 = 0
p5 = 60
p6 = 0
p7 = 0
p8 = 120
p9 = 120
p10 = 120
p11 = 180
p12 = 120
p13 = 120
p14 = 240
p15 = 240
p16 = 180
p17 = 240
p18 = 240
p19 = 240
p20 = -9999
p21 = 240
p22 = -9999
i0 = 0
i1 = 0
i2 = 0
i3 = 0
i4 = 0
i5 = 0
i6 = 0
i7 = 0
i8 = 0
i9 = 0
i10 = 0
i11 = 0
i12 = 0
i13 = 0
i14 = 0
i15 = 0
i16 = 0
i17 = 0
i18 = 0
i19 = 0
