[info]
name = Wobble
author = kufi

[start]
x = -5.750000
y = -6.750000

[flags]
closed = 0
control_inverted = 0
camheight = 1.200000
mode = 0.000000

[enemies]
c = 40
d = 32

[color]
r1 = 0.000000
g1 = 1.000000
b1 = 0.550000
r2 = 1.000000
g2 = 0.500000
b2 = 0.000000
r3 = 0
g3 = 1
b3 = .5
r4 = 1
g4 = .5
b4 = 0

[web]
p0 = 0
p1 = 10
p2 = 20
p3 = 30
p4 = 40
p5 = 50
p6 = 60
p7 = 70
p8 = 80
p9 = 90
p10 = 0
p11 = 10
p12 = 20
p13 = 30
p14 = 40
p15 = 50
p16 = 60
p17 = 70
p18 = 80
p19 = 90
i0 = 0
i1 = 0
i2 = 0
i3 = 0
i4 = 0
i5 = 0
i6 = 0
i7 = 0
i8 = 0
i9 = 0
i10 = 0
i11 = 0
i12 = 0
i13 = 0
i14 = 0
i15 = 0
i16 = 0
i17 = 0
i18 = 0
i19 = 0
p20 = -9999
