[info]
name = boxspiral
author = kufi

[start]
x = -0.500000
y = 0.000000

[flags]
closed = 0

[color]
r1 = 1.000000
g1 = -0.000000
b1 = 0.000000
r2 = 0.000000
g2 = 0.500000
b2 = 1.000000

[web]
p0 = 0
p1 = 90
p2 = 180
p3 = 180
p4 = 270
p5 = 270
p6 = 0
p7 = 0
p8 = 0
p9 = 90
p10 = 90
p11 = 90
p12 = 180
p13 = 180
p14 = 180
p15 = 180
p16 = 270
p17 = 270
p18 = 270
p19 = 270
p20 = 0
p21 = 0
p22 = 0
p23 = 0
p24 = 0
p25 = 90
p26 = 90
p27 = 90
p28 = 90
p29 = -9999
