[info]
name = Yak
author = kufi

[start]
x = -4.500000
y = 4.000000

[flags]
closed = 0

[color]
r1 = 0.000000
g1 = 1.000000
b1 = 0.000000
r2 = -0.000000
g2 = 0.000000
b2 = 1.000000

[web]
p0 = 225
p1 = 225
p2 = 270
p3 = 270
p4 = 315
p5 = 315
p6 = 0
p7 = 0
p8 = 300
p9 = 300
p10 = 300
p11 = 300
p12 = 0
p13 = 60
p14 = 60
p15 = 60
p16 = 60
p17 = 0
p18 = 0
p19 = 45
p20 = 45
p21 = 90
p22 = 90
p23 = 135
p24 = 135
p25 = -9999
